1 4
F 307 1694
1157 1918
351 1718
458 1830
1752 396
2 6
Z 1081 567
A 509 331
1227 731
854 2153
2067 2246
1184 656
1250 641
551 573
1 8
W 202 347
1320 1208
750 1487
408 566
987 218
387 384
417 418
1952 1922
433 476
2 5
Q 606 1446
F 1196 1952
615 1538
855 1470
1613 635
104 2040
2422 1329
2 6
F 1043 1030
G 1836 870
1243 1255
2020 1074
890 911
1191 1238
1245 1093
1119 1197
1 5
Q 1932 859
694 2463
340 1741
2151 1021
1976 861
1980 1081
3 3
L 1965 1132
D 2113 16
Q 80 1094
2281 2166
2083 1206
90 1195
1 19
N 1279 552
1338 601
1047 1155
1437 613
388 698
1339 644
2481 9
1495 718
1486 695
1473 558
1487 581
999 919
1492 705
817 823
1417 735
1402 590
206 2091
1025 1787
1520 678
2101 396
5 11
T 522 1573
M 832 590
Y 1721 1612
K 908 25
I 859 591
2257 2194
1367 1737
1409 1391
439 644
948 706
1035 612
892 600
1518 1559
697 1591
955 716
1771 1673
4 1
E 485 863
G 1422 1010
Z 868 117
J 295 238
487 303
5 13
L 199 429
P 1657 1095
J 835 1719
B 1067 887
O 1657 1282
1664 1342
298 1396
270 499
1909 1955
1118 1091
435 623
1901 1308
2017 1544
211 42
160 356
935 728
743 1553
1256 997
6 21
V 728 200
B 410 755
C 1870 709
J 1599 2024
H 1896 1259
E 1182 82
701 1366
967 220
893 430
608 900
1010 8
978 1227
2349 1795
469 868
1644 2251
591 850
552 1001
524 987
2039 1699
1997 54
956 262
1805 2233
61 24
708 354
1700 2198
599 811
1924 797
7 10
K 1415 394
V 2249 1024
P 340 2092
Y 1250 1699
R 1432 746
E 79 1964
A 334 1136
400 1207
2360 1114
128 2116
1493 476
1508 482
1642 195
535 2195
135 952
517 1230
249 2122
7 28
D 478 2106
V 1745 894
F 1432 998
J 320 1178
Z 1745 1888
P 2248 982
A 1287 2175
1453 2366
113 1656
2311 993
1638 1227
1643 998
2405 1031
770 2409
1608 237
1926 638
1545 1247
2306 424
1828 987
1444 2248
2366 1175
2089 1641
1391 2301
456 1332
60 2123
1426 2178
836 1344
1575 771
1256 1625
67 506
418 2330
113 1447
576 2260
1630 2278
555 1322
3 26
J 193 250
N 1595 948
F 409 1645
475 1886
352 463
359 426
561 1706
1827 2091
356 1400
330 317
1886 1262
2478 11
488 1703
313 1282
2258 497
449 1651
84 1390
262 297
1023 2219
823 2471
643 1659
1088 874
2059 1936
462 1756
988 1186
1905 1077
505 1651
641 1844
2106 319
8 30
B 536 1512
A 154 7
F 1332 1079
O 2237 345
C 1363 690
P 1633 848
S 596 1777
N 1896 2191
344 1906
1313 2399
873 929
915 1666
2119 2171
1405 1313
2264 2039
1378 1236
2351 1630
1399 551
2098 1321
350 63
245 1438
347 175
1808 1370
1730 2058
263 190
1707 1049
2278 1518
751 1975
317 958
1914 2297
220 153
2041 712
1297 2416
2489 2386
373 1188
2103 2401
1776 2298
1000 2137
8 20
R 1813 1693
T 357 132
V 1401 574
Z 50 271
D 91 653
P 1596 225
A 675 607
L 1458 50
2067 1433
884 743
2351 263
1780 326
2340 2193
857 2016
1506 264
1392 1792
659 325
1534 53
1663 179
1597 1593
1521 609
1091 116
449 1289
2007 1407
570 1497
2104 609
1649 470
1922 667
9 11
P 1422 1008
E 1605 1776
U 2196 1739
V 1230 1811
J 1789 892
M 1721 815
F 1407 2114
N 1297 1213
R 30 207
1313 1320
1411 2208
1514 999
1972 510
328 1303
1002 413
656 2168
2087 1794
1448 1877
1528 1378
1510 1064
4 11
K 606 288
S 1118 122
L 206 164
G 2223 722
397 187
595 1119
1740 1621
1582 535
2392 845
771 369
2034 532
2366 833
2142 1400
2145 1935
264 246
2 32
G 723 1268
F 1201 1667
1587 642
986 2272
332 2465
1429 1799
827 1434
817 1476
1222 1678
1598 2361
2201 881
1597 1804
1444 1812
2196 396
1890 1745
826 1360
1757 986
850 1469
2349 984
943 1422
867 1444
27 95
730 636
1630 1165
1237 1693
1239 1830
74 2098
1214 1879
1261 1809
887 1292
907 1498
1226 1898
251 21
2379 2214
11 24
O 1978 1036
B 852 1945
C 179 937
A 148 648
I 342 560
K 176 1533
F 855 1067
J 1895 498
D 2057 1879
S 21 1759
L 1987 158
1150 2473
736 1538
2382 1655
405 1148
2018 1167
361 1145
1931 1780
1086 1099
308 409
1867 113
2303 941
1581 2236
855 1084
190 1772
655 2475
1573 2395
1329 99
2240 1183
2242 86
1365 308
1684 1356
1420 119
281 725
1590 527
5 34
C 1661 995
F 2239 1680
Z 38 296
G 662 352
H 1318 1594
1688 1112
1771 1906
908 552
2485 1792
1267 457
119 2030
865 522
20 2003
1970 516
2258 1796
829 527
1983 355
1177 410
964 171
328 1928
238 375
895 1655
905 2332
440 27
105 431
2000 1477
306 472
1572 97
208 1436
758 460
2261 1245
1497 661
172 528
1846 1066
1907 1484
859 484
1349 1700
1666 1737
2237 552
8 43
Q 838 583
F 701 315
A 1618 164
B 435 2108
C 267 1602
U 1376 374
K 297 1690
O 1618 2129
376 1806
1085 601
1733 202
1448 101
1004 666
2261 731
338 1929
2159 1111
834 2330
1880 2219
1672 2159
1448 402
2346 1432
1805 1921
566 2310
576 2297
512 1703
455 2316
338 2099
949 416
939 747
1426 588
1794 2244
1534 1653
367 1657
730 378
1804 316
798 407
423 1725
1282 1623
2066 924
364 1790
813 502
1461 576
1815 1479
340 1814
2254 1203
1305 1817
409 1061
2495 2087
636 233
469 2271
1570 389
12 26
R 319 1325
G 1783 1406
E 206 55
B 1988 878
S 866 887
O 2184 265
Z 1656 136
W 2154 858
N 1848 1741
A 243 2010
H 727 1881
F 2000 954
796 371
465 2223
2120 693
897 2027
956 649
367 278
417 2236
929 618
1770 452
1322 2219
2168 253
362 167
2305 854
379 296
1661 2215
1787 1409
1398 1945
2025 1057
941 1030
2258 557
100 2452
2102 1147
2077 1121
2199 1044
2235 997
2355 287
6 41
D 887 1954
V 597 1957
E 11 2153
G 1154 2189
Q 1168 1915
P 247 399
1357 1970
1222 2368
1246 1940
35 2348
79 429
488 471
1504 1525
1199 2402
938 1619
1197 2438
193 2178
1663 685
1092 2188
96 2300
2399 2065
12 2162
1181 2084
1290 2122
631 2182
116 1946
1197 2250
1396 2265
1366 2367
2466 142
680 2049
1887 1557
338 404
1647 141
540 1475
2364 1374
2397 156
525 726
332 498
1325 2156
1382 2427
238 1986
1112 1836
967 1372
46 2377
460 420
1794 2149
10 15
S 869 1370
R 1901 532
J 2125 1808
K 1965 1330
Q 992 279
U 747 1177
C 1785 1976
H 5 726
B 1521 2140
I 526 916
1821 2222
200 1167
1929 2093
628 1099
1918 617
1388 1289
2291 353
19 1946
2485 525
2271 2071
122 897
888 1488
2453 2205
2180 131
1590 1781
3 53
F 1687 1174
I 1438 1459
O 443 948
1685 1614
1313 773
2453 2144
568 542
1431 1836
1238 1076
1574 1652
668 2124
373 1109
1545 1553
829 561
1440 1503
1658 1398
1459 1583
675 1277
1646 1704
28 1041
1565 2260
1490 1643
1645 1029
1544 1646
1705 1352
1542 1556
1079 1578
672 1139
1756 1212
1774 1261
240 343
1545 1486
78 2133
1594 1638
1064 1653
555 795
592 1062
671 1142
1358 1979
2341 1798
1851 1353
497 1106
740 1915
158 206
2220 1744
1671 1549
2269 758
676 486
1405 2082
684 985
837 1355
1376 335
308 2494
1912 1185
1750 1366
1633 1459
1 37
I 789 946
804 1081
2427 90
1584 2041
2340 155
1100 1201
978 1050
750 2238
948 955
883 1111
2375 1353
1882 2398
954 1056
808 1100
208 928
2116 2222
886 1033
790 1077
855 1103
872 1141
990 1037
960 946
1035 1047
1466 1909
2398 643
978 1202
939 1065
1165 2209
924 1163
920 2349
950 999
1075 10
1624 1419
809 1078
968 1040
666 393
823 1137
906 1033
6 6
K 2131 384
R 415 2098
A 1302 680
N 589 1440
Z 1342 1043
L 1102 776
538 2281
699 1124
1138 1874
267 1667
1375 1187
970 2340
16 4
I 533 1081
G 744 1737
A 958 2249
R 436 1958
S 1064 1456
P 572 1588
Y 720 111
L 839 1624
U 683 1438
Q 2138 890
O 906 1209
K 2111 1785
H 1484 222
B 368 1793
T 409 750
F 197 1875
1212 1671
820 1735
657 963
859 1890
11 31
J 1899 1666
E 1699 1129
H 2209 1839
W 790 1134
K 931 754
R 1270 1948
P 1545 1768
I 359 452
L 1283 305
M 844 457
F 327 1936
1095 2362
2228 1075
1257 1945
319 1484
172 983
130 1359
1505 74
489 528
517 1996
1089 822
385 1284
1337 2042
1039 562
2081 146
2019 1881
406 674
1401 483
1200 2055
855 591
2268 1953
1942 1767
2382 371
1303 2217
807 1311
360 2152
1546 1686
1720 695
811 1304
2111 2164
1603 2370
887 484
17 57
N 1865 692
D 1709 1201
H 1861 1218
B 105 248
I 1176 1244
J 846 1705
K 2163 844
F 1697 1957
L 1808 1504
V 1557 1523
O 1063 833
R 256 2246
T 1912 1226
E 331 633
W 2147 1673
G 2047 1920
Z 2017 1055
406 329
1216 1278
608 888
2101 1050
1895 1535
789 496
452 1209
1235 1053
129 269
1890 1624
572 2462
1309 1369
1971 1240
2243 1741
2262 991
1298 917
899 1098
1967 1752
2266 2041
1751 1633
2118 2255
1762 1543
727 266
559 878
512 611
954 2173
2059 1159
1886 1737
2213 1236
1414 1372
1938 2361
1725 1418
627 1974
460 2268
374 1895
2160 2169
55 1070
2215 1168
1249 1009
1275 1836
2109 931
2388 1073
1177 2402
1385 1362
1620 1708
1655 1357
1016 919
122 342
1934 1191
171 397
363 842
1899 721
1982 1510
1993 2239
1822 2165
149 973
2353 881
11 14
G 1267 382
X 136 1949
Z 14 492
Y 539 1643
O 1998 1055
M 1159 1013
E 104 2147
V 283 237
A 1703 1363
J 1817 1586
N 858 8
206 495
315 2094
1216 1924
1667 2097
399 1752
2126 1087
207 1475
248 734
364 2123
517 567
678 1454
2044 796
1566 952
2218 2395
6 72
P 598 1335
R 1110 818
C 1908 1384
F 1244 2115
S 1892 1185
J 1493 771
649 498
1692 1343
1535 992
364 1934
1575 800
1250 2267
1415 2173
1608 946
1804 2454
1309 881
603 1490
1432 2148
2126 1207
675 1566
1933 1395
1504 183
1578 840
1261 1936
360 1788
74 1275
764 1541
2499 2329
1277 901
1985 1589
1425 2187
2219 2371
2453 611
1242 861
1989 1317
1364 2340
1352 2264
1395 2236
1462 2293
1171 1775
2227 9
2083 1221
179 1708
159 931
2315 203
2005 1355
1274 2265
1950 1320
2469 251
283 1765
2064 1482
2040 1223
1681 1118
1648 887
809 1724
1311 931
1321 2137
2084 1386
1545 323
1705 797
1155 854
1737 706
1181 367
1405 49
1230 2341
1627 913
1633 527
1131 845
2130 1554
1169 950
2219 2087
871 1988
578 2172
2389 867
2101 1339
705 1558
1642 981
1319 836
9 43
F 2196 2006
Q 206 1530
O 522 1867
G 76 2032
E 2087 406
P 1718 1984
H 1959 1910
L 1025 1834
K 1656 476
512 1018
2490 2096
1776 30
411 1662
338 1735
1637 94
847 2032
1058 1194
1124 2004
2206 1501
962 1158
313 64
2187 901
2421 2139
1967 2189
2471 1674
120 242
1635 578
2483 551
226 1603
1689 461
865 906
245 83
1287 517
435 1109
1155 566
2247 284
2446 1402
935 2117
804 1391
968 1845
1254 778
1961 2233
1742 707
2332 2177
1930 2156
614 2053
616 2106
1584 1703
272 1741
825 241
287 2261
1258 1250
7 62
I 1039 1049
M 1659 92
R 2159 495
N 1880 1556
O 802 1184
E 2200 187
S 726 1706
1044 1196
1511 2406
2035 1587
1148 1284
1972 180
2309 550
893 1831
2335 601
1313 2480
1210 1141
1695 1478
2342 615
61 1137
1400 485
1535 671
1411 867
1927 210
211 2393
1145 1184
1089 1816
1950 1659
1795 319
2363 589
1903 1717
1553 1851
2053 1681
1078 212
1099 1052
2299 353
1559 251
877 1425
1273 1201
1779 118
1412 421
459 934
265 523
2264 558
1009 1323
732 1888
912 1859
1085 1072
617 2237
1050 996
371 560
797 1881
131 551
753 1935
755 1907
2322 256
567 472
1799 117
1497 1214
603 614
2298 233
1041 1232
387 2130
1066 1992
1823 2206
743 1840
2336 731
2432 253
497 1171
14 44
H 364 744
K 445 1427
E 881 162
P 941 218
I 1278 657
J 842 443
N 436 1775
O 219 1758
G 1379 1243
Q 1341 1319
F 1160 138
L 7 384
R 2040 1207
C 1953 345
1489 1545
984 598
194 572
172 416
460 1499
1361 705
315 1884
2084 1430
2213 1940
1512 1558
255 429
1493 1482
397 754
1030 221
1344 1560
2076 1096
1065 294
569 956
1335 163
1426 1421
944 382
302 1873
2091 349
595 1632
463 1923
1901 1545
947 224
1319 66
2123 1629
1527 1353
543 925
1616 1326
745 991
49 983
1396 1302
454 1485
1440 2069
1389 1305
1426 1482
1362 2100
794 275
455 760
31 1194
1272 1558
4 46
W 1856 1915
B 1477 309
H 1831 497
X 1230 230
2043 544
1992 670
1238 875
976 780
1382 428
1303 327
1273 466
235 1783
2045 1978
1877 1931
1411 398
1929 1974
1982 623
2077 523
257 886
1303 1558
1090 1818
1583 344
923 2299
2062 516
1373 313
281 467
1863 855
2349 1652
2009 2027
2051 732
1262 428
1421 420
1711 2209
1893 2003
586 737
1879 2127
1501 329
1881 1944
1485 538
18 133
1989 738
1321 447
2375 672
1686 505
1667 1244
1956 1928
1513 416
1354 280
1075 751
1518 831
11 53
Y 739 700
S 771 2213
P 1534 881
Z 1031 2038
C 2249 1204
D 45 1131
A 1297 1382
B 643 1391
R 901 2137
E 845 1740
G 1852 1137
2084 120
259 886
2044 1653
405 1174
137 294
630 2450
847 2408
2335 2154
2362 1209
1994 1141
2127 67
2287 1346
124 1615
139 1246
747 726
1995 1322
972 1427
1563 1036
249 2155
1612 1089
1179 2275
2020 1380
142 170
1962 1169
996 2011
2449 1275
169 1378
769 492
1557 1640
319 993
1614 1070
371 17
506 1585
1779 380
2054 1365
877 1512
1656 1044
480 381
2107 378
210 1139
2097 1713
577 1483
2369 1997
699 1579
1563 912
1259 2176
1456 1562
215 1155
2386 1272
928 921
1036 2297
1378 1464
663 1606
20 79
K 1734 895
F 305 2092
Z 432 1031
O 2245 1543
U 471 924
R 317 527
G 1635 81
C 1964 1228
I 141 2014
S 2082 1732
B 337 807
H 587 546
M 1554 741
A 1914 1944
T 2222 1719
N 789 140
P 1361 1725
L 331 2090
Q 1191 1863
D 1345 1509
742 661
519 834
680 2162
1445 1070
176 2252
1693 29
376 749
2333 1611
2226 111
1150 432
1611 805
2426 1720
231 2067
1546 1914
454 2117
717 879
2181 1024
676 1230
1920 1998
567 1254
1558 1715
2453 1752
1914 1096
1455 2355
350 2219
2097 1965
1008 593
1053 1413
1935 1962
1220 1429
1488 1620
1593 1709
2068 7
386 963
2301 1584
890 197
1365 1983
2203 1239
2194 1915
1519 1750
2010 2218
1216 1938
320 2177
1324 2048
1789 913
1820 649
2066 690
2428 1931
469 906
2046 1269
252 2128
567 2423
1665 702
2107 2156
2111 1456
1103 2348
1604 107
231 49
1867 850
781 721
2118 1805
1636 1
1673 1972
2041 1858
727 252
2182 1827
1407 2496
1270 1636
1439 2039
1352 1722
2242 1145
775 128
1359 1926
1598 1968
886 28
802 556
2315 1879
1406 770
2103 1273
10 15
K 1644 1264
C 1434 1754
M 1434 1150
O 2164 408
J 2076 1738
D 2067 1077
N 902 25
Q 1716 355
V 1685 1125
E 1640 634
1440 1098
1659 863
350 628
1707 643
1709 968
4 1462
1842 779
1583 1990
1852 1218
920 254
1247 387
1815 427
925 1349
1447 1151
2271 514
5 8
Q 444 1352
U 2248 1214
C 716 1859
L 1873 630
Z 2022 1937
850 1813
2069 645
2186 1799
2137 2293
766 1869
816 845
1182 1221
405 709
8 67
J 1266 19
P 490 1708
N 1088 207
T 2155 541
I 829 1742
U 1368 572
V 2231 1720
F 451 1337
591 1937
454 1405
2421 1746
1169 319
1326 1300
2089 1036
503 1484
372 2413
824 1669
1444 713
2045 2373
1654 1217
1390 1423
940 1304
1713 1670
253 1187
1023 1804
669 2342
1556 819
655 1100
336 1210
590 1917
1385 132
264 1149
1342 1353
757 755
649 2128
550 1947
1415 245
693 1241
575 1079
1397 646
549 1843
1573 2129
2077 659
1220 217
1218 2081
1541 759
251 2348
518 314
8 607
719 1775
2359 1804
1331 107
569 1385
2459 318
1467 60
1826 2090
703 805
1291 864
2278 791
550 1736
2115 620
835 1760
1268 2169
1386 692
1296 186
598 1778
1425 115
1319 337
2084 2456
611 299
1898 467
1325 106
505 1285
2395 1824
1309 215
15 79
Z 1485 248
A 72 1872
B 1311 763
S 1781 1954
Q 730 1228
J 1582 1951
T 1566 1559
Y 274 826
W 1966 1716
V 375 2087
C 924 654
X 263 1488
N 83 222
D 833 1615
U 1336 1211
1601 233
1280 1943
191 1813
965 807
130 400
1601 2130
1528 260
1476 881
2263 1460
939 707
982 656
150 888
1755 2236
235 2060
294 1802
375 2275
1524 1370
1326 1391
967 1431
1946 2092
366 1073
2447 582
1096 2487
1613 2147
668 1303
414 927
972 656
940 621
44 660
436 2283
2118 1756
895 2211
1479 334
55 69
571 108
866 1620
397 252
282 912
1644 2076
906 668
1508 1442
115 2103
2352 1284
1496 1325
801 1935
174 1930
388 1470
354 884
1351 1264
287 1227
474 1033
2302 2289
1741 1674
1818 1781
1538 868
1704 2391
2070 1904
691 204
1554 891
596 2385
957 1319
593 2098
1766 1669
1668 1079
1326 899
1639 2124
1450 1493
276 1872
2057 1833
407 1529
1328 865
145 275
2351 88
19 314
359 1694
2310 223
533 2162
2318 1315
41 2473
6 45
K 976 1215
O 1749 38
G 1243 1248
A 1200 1920
F 90 1999
S 478 1249
192 2041
619 1362
1556 780
1227 2092
1366 1467
1006 1397
2182 1807
2130 636
782 2032
1014 1325
1423 1269
216 198
471 425
324 2092
987 1817
1271 1293
276 2326
1316 2126
2032 307
1138 1266
1485 1404
570 1468
124 2098
1325 1330
2212 1830
304 1677
2058 770
170 2011
1766 2308
204 308
168 2174
132 529
125 348
2167 1914
1372 1391
857 870
1972 146
142 2224
2373 300
1010 1286
310 2230
1499 1578
2381 389
501 545
583 1406
23 7
U 1192 1738
Q 1754 1931
E 41 786
J 1047 2213
P 287 94
A 280 229
Y 1764 1051
L 1337 1011
R 603 706
V 2180 1454
X 2231 1837
W 1995 1742
S 566 635
K 1410 1718
T 99 187
H 1017 71
I 2213 471
Z 337 596
M 1492 1809
F 361 1938
G 708 1707
B 824 498
N 1451 1647
1844 102
1329 894
1741 1956
2295 577
678 2434
995 1561
1248 1582
3 29
B 2025 894
T 1639 812
A 1690 1136
1780 1165
1853 1173
1271 2430
2210 1100
809 753
1921 1381
1393 1934
1746 1279
2307 573
2091 977
1382 1735
2309 2226
597 1419
2127 1031
1209 274
2155 905
2235 968
1854 847
2403 180
755 14
1858 1027
2256 981
2013 1379
2084 1035
1798 1337
1762 861
1702 1043
1855 1170
983 1119
5 26
U 766 2164
K 1872 773
L 1315 1752
Q 1328 40
X 1205 1078
1417 238
846 2295
1523 1757
2347 2338
2086 1492
890 2287
1851 2355
1377 1861
401 834
2292 483
789 2294
1515 1820
1778 1076
2146 841
1545 55
2351 1240
1493 289
1004 690
2337 747
2414 2346
1024 413
709 121
1381 58
1384 273
2010 2064
1156 1313
6 43
J 1344 276
P 692 66
A 1432 884
C 952 545
O 1449 407
R 1370 1881
695 112
1392 1971
287 628
1375 307
1661 993
1610 1903
1165 565
858 173
2010 1336
1166 1933
271 2041
717 983
1151 762
1627 903
1736 1214
863 1448
19 2299
49 1683
429 1075
2045 733
1577 1938
2435 719
1492 579
1101 662
2120 1371
1744 1992
1514 2102
1225 1464
1608 1027
1556 2064
2461 1788
1365 286
1395 351
1572 2207
42 1239
1030 759
1913 102
1135 2121
1499 1009
1583 467
1582 1021
1275 452
1845 250
19 69
E 1451 1970
I 1966 937
O 2235 769
V 1088 222
D 1344 997
A 1027 2018
G 734 860
L 16 566
T 1729 581
S 105 2143
J 2072 1896
Q 374 1787
B 879 484
U 1401 454
H 211 1356
R 2002 639
W 1255 1140
C 2118 1596
F 2210 1871
2257 445
89 225
2291 2062
1929 1473
1104 1248
2073 839
2147 1658
2205 1708
2105 759
457 2421
41 715
1061 2474
1478 1216
1174 2240
2327 732
2264 1991
851 1080
681 875
1153 2260
1501 1517
1601 2000
925 654
918 2087
944 1042
252 2275
251 2028
978 614
882 1060
2127 1501
1640 2035
352 1513
2242 852
1152 419
847 230
432 1006
1289 2385
278 2339
2378 484
345 1079
1171 230
567 1606
1510 1233
959 553
935 1988
1491 436
1312 1297
1459 545
2275 2072
944 515
1271 1299
293 1439
1666 65
2372 908
804 902
471 247
1297 290
36 659
462 225
1271 379
1704 761
1586 2205
2051 981
2274 2083
1402 1277
2396 1999
518 2465
2021 1544
615 1807
247 479
