2.2
9.5
1990.1
6.2
35.2
135.3
4.0
16.8
50.1
2.6
13.2
18.0
1.2
2.0
201.1
1.9
3.2
212.2
1.3
9.6
1226.6
3.7
35.4
55.9
1.3
3.6
790.9
2.5
14.9
20.7
3.0
27.1
138.0
3.8
34.0
81.9
4.0
38.9
559.2
1.1
9.5
79.3
4.0
10.8
257.3
9.3
62.0
510.5
3.4
33.0
73.5
7.8
57.2
1061.4
4.9
44.9
8694.8
1.8
11.5
631.3
2.2
20.5
84.0
1.9
5.8
35.4
4.9
8.2
519.5
1.2
2.3
10.7
6.0
24.4
392.3
3.6
19.2
29.0
2.3
8.1
525.2
7.6
55.1
341.7
3.2
17.7
143.3
2.7
12.6
1679.4
2.4
11.5
593.2
1.3
8.0
133.3
1.3
8.3
126.4
5.5
53.1
1508.2
9.9
74.1
645.5
1.3
3.2
101.3
2.8
18.5
24.3
7.1
61.7
7447.1
2.4
20.7
386.7
5.9
20.4
10721.6
4.1
10.1
277.5
9.6
34.4
104.3
3.6
18.2
167.8
3.0
6.6
4697.4
3.0
13.8
896.9
1.2
8.7
2307.2
6.4
28.0
313.7
2.4
21.3
524.4
4.3
8.5
30.0
4.3
27.4
7211.5
8.0
32.7
672.8
1.9
13.0
16.6
5.8
34.8
13973.8
3.3
11.0
235.0
7.4
38.3
369.7
9.7
94.5
3276.4
1.0
6.1
24.2
9.3
45.0
8468.6
2.7
15.5
86.4
5.0
7.4
861.2
1.3
2.6
110.7
4.3
5.5
54.2
1.4
6.7
14.2
1.0
5.5
317.5
1.8
3.8
202.7
3.6
18.1
25.0
3.2
15.5
1912.8
8.3
75.5
4161.3
6.4
33.7
6843.8
1.0
6.0
7.8
5.9
40.9
3679.0
1.8
15.8
16.9
9.5
18.9
61.8
1.3
10.9
38.7
2.2
18.4
368.4
9.0
33.7
2260.5
3.1
22.4
3975.4
1.7
12.6
15.3
8.7
78.2
414.7
1.7
3.8
9.6
3.9
34.7
2504.4
1.9
18.9
198.6
8.9
56.5
64.5
3.1
18.3
945.7
4.7
15.1
273.3
2.8
18.8
2836.1
1.6
9.6
903.5
5.6
12.6
1596.1
1.2
8.1
58.7
2.9
25.2
4386.6
4.6
25.2
684.5
5.7
11.3
187.7
2.5
10.1
5364.8
9.0
27.4
363.1
1.6
3.6
1703.2
2.4
14.2
1089.5
1.9
16.8
52.6
3.4
7.2
1600.8
3.6
16.3
234.1
4.7
25.9
63.8
1.5
4.5
3020.1
1.8
8.5
101.2
2.7
27.2
4508.4
3.4
30.2
103.0
4.7
30.7
166.3
3.1
12.5
86.0
7.2
14.7
3158.3
1.5
4.9
3009.3
2.3
3.3
132.7
1.8
5.5
482.8
5.7
35.1
60.1
2.0
6.0
755.9
6.0
35.8
2816.8
4.0
38.2
78.8
5.8
16.1
99.5
4.9
17.0
7310.9
5.5
15.9
674.3
7.2
43.7
7609.7
4.2
23.9
190.6
2.6
17.2
33.3
3.1
13.6
208.4
6.1
58.2
84.4
3.9
24.2
67.5
9.2
46.9
118.2
1.2
5.0
11.0
7.0
26.4
6403.5
4.8
8.9
32.6
9.0
88.8
143.1
3.3
29.2
200.2
3.3
20.5
25.2
1.3
12.6
753.4
9.2
67.9
677.6
3.7
32.8
70.1
9.6
73.7
7145.8
4.0
6.4
4267.4
1.0
2.8
11.4
1.5
15.1
289.7
2.9
7.5
143.2
5.7
20.5
205.2
4.5
38.0
277.6
5.1
49.7
71.8
3.6
25.5
51.1
3.4
8.2
49.5
1.3
8.8
2079.8
1.4
7.2
128.7
1.0
2.9
1591.9
6.6
16.1
351.4
1.1
5.6
19.5
4.8
40.6
89.7
2.6
19.5
367.2
4.1
38.9
3088.2
2.2
7.5
1964.2
2.7
17.5
1993.4
3.7
16.1
56.9
2.4
17.8
30.3
2.0
9.3
56.2
5.5
35.9
55.7
7.7
12.1
62.0
1.2
5.0
227.1
7.2
28.9
1838.0
1.3
6.5
9.7
1.9
16.4
1154.4
2.5
13.4
63.3
1.9
16.1
1189.3
1.7
13.5
122.0
1.1
9.7
154.9
6.7
64.6
214.1
3.3
28.7
75.2
5.6
48.6
4911.4
9.9
38.9
77.1
3.0
21.4
139.9
3.6
20.2
46.3
3.3
13.7
268.4
3.3
18.7
26.7
6.7
12.0
7420.0
5.8
12.5
555.2
2.6
10.3
21.7
2.0
12.2
85.3
5.1
22.8
490.4
1.2
9.1
406.7
8.8
79.3
16663.6
2.5
4.5
1790.4
3.1
13.1
1022.3
1.4
12.6
31.2
1.4
9.3
41.0
5.9
10.5
58.1
4.1
12.7
1560.9
1.6
14.4
133.3
1.0
5.7
114.9
7.6
29.9
5525.7
1.7
6.8
156.4
1.1
9.3
14.3
6.1
27.4
106.2
5.3
11.9
51.8
8.8
44.3
2401.2
1.1
7.4
24.6
5.9
54.5
2708.2
5.1
33.4
627.2
3.4
20.0
3158.0
4.5
21.0
30.5
4.3
23.1
65.1
1.7
16.5
24.9
2.6
10.9
19.6
1.2
6.2
261.2
5.1
12.5
31.5
2.8
14.3
474.5
5.1
41.9
53.2
6.6
15.4
51.2
6.6
21.7
301.5
1.9
4.9
1281.5
7.3
44.2
387.5
1.8
6.6
19.3
8.3
11.0
5187.5
2.0
11.6
44.7
1.8
12.7
869.8
9.4
63.7
406.2
1.7
6.7
179.7
1.0
1.7
1185.8
8.1
19.9
5562.6
2.4
4.6
108.4
2.8
15.8
20.8
2.9
7.9
250.7
1.2
10.0
39.0
3.9
16.6
2675.3
5.0
10.6
279.9
3.0
27.8
84.6
2.8
26.0
112.0
1.2
11.9
2102.2
1.8
3.1
185.3
6.5
35.1
50.8
3.9
19.9
7602.8
5.5
40.9
66.4
2.4
20.3
45.0
5.4
35.1
495.8
6.3
12.0
45.9
3.9
16.7
92.6
9.4
38.9
1698.2
2.8
22.1
198.3
2.3
17.1
22.3
2.4
22.1
2804.5
8.9
43.8
2275.7
1.7
8.7
3248.8
9.8
18.0
1257.2
6.4
51.3
10684.4
5.6
18.0
1509.6
9.9
98.5
878.2
4.0
27.2
117.5
2.1
9.4
28.6
1.2
7.5
22.0
2.2
18.2
72.6
4.8
22.5
32.9
9.1
53.0
69.2
7.0
15.1
12592.6
1.5
15.2
208.9
1.1
9.1
9.8
3.5
19.3
1872.2
2.8
17.4
238.7
1.3
12.0
219.4
1.7
7.7
52.0
3.0
23.5
1411.8
8.3
34.9
5106.8
1.1
7.4
8.9
1.8
17.1
21.5
2.8
21.6
2739.9
1.8
10.4
659.2
3.4
10.9
391.1
9.0
73.9
1006.0
9.3
62.0
965.5
9.9
32.0
181.1
1.4
6.5
252.4
1.0
1.4
634.0
5.2
9.2
2972.5
6.5
35.7
47.2
1.6
13.8
31.1
1.2
6.0
80.8
5.4
14.6
1552.4
2.0
11.2
106.5
8.2
47.7
591.8
4.2
20.4
912.8
3.5
11.6
8512.6
2.0
11.7
309.8
3.3
14.9
437.7
1.8
13.5
193.3
9.8
86.4
9083.2
1.4
12.3
138.8
4.3
5.6
4538.5
3.6
20.0
3211.9
4.2
6.1
752.6
5.7
46.8
53.4
5.9
19.5
5530.4
1.2
3.4
250.3
1.7
2.8
29.8
1.8
4.3
939.1
2.9
19.1
3713.8
4.1
34.5
35.6
5.0
9.2
1134.4
5.5
53.1
4598.9
1.3
4.8
20.0
3.2
29.4
31.5
5.1
30.0
268.1
2.2
11.6
46.5
4.9
40.3
342.6
3.5
25.7
83.5
4.9
38.1
7579.6
3.3
21.0
26.1
4.0
34.6
144.5
1.8
2.4
24.8
7.1
62.3
5630.9
4.1
10.5
1014.1
1.4
3.3
100.0
6.8
59.0
1363.1
3.0
7.9
2126.2
1.6
13.5
19.2
6.6
48.1
577.3
4.7
28.2
234.6
7.8
65.6
997.6
6.4
10.3
11226.1
8.0
76.5
982.9
1.7
10.6
3523.7
3.4
22.5
125.9
4.0
8.2
4155.9
1.5
11.9
99.6
1.8
11.3
507.7
4.6
44.5
114.1
5.1
43.5
1037.3
3.5
7.4
4681.3
5.8
29.7
2978.1
1.1
9.9
89.5
2.9
12.0
7007.0
5.2
9.5
577.0
4.9
6.2
2295.7
2.0
9.7
1262.2
4.2
22.1
3009.5
7.6
71.2
508.0
3.8
19.9
64.0
2.3
12.9
117.8
6.6
59.1
805.1
2.4
3.6
363.0
2.0
7.2
109.5
1.5
13.9
1664.3
5.3
47.0
4686.6
2.6
21.1
732.6
1.0
6.3
7.4
7.1
15.7
232.0
5.8
49.5
606.9
5.0
48.6
1847.9
2.2
12.7
17.3
7.1
61.1
3793.8
3.0
20.6
3330.0
3.5
11.9
85.3
3.5
18.8
36.3
3.3
7.5
219.3
3.8
33.4
1220.1
3.8
32.4
1455.7
6.4
60.2
140.8
7.6
17.2
1363.2
3.2
21.5
144.0
3.3
32.1
57.5
4.2
17.2
349.8
1.0
5.2
185.7
1.2
1.6
417.0
7.1
48.3
14715.5
1.0
1.8
90.1
6.2
13.0
218.6
7.8
10.2
2329.8
1.9
9.4
57.2
3.7
20.4
78.7
8.4
75.4
213.7
5.1
41.1
200.0
8.0
16.1
415.6
9.9
34.4
8689.7
4.4
22.8
829.1
2.5
10.5
208.4
1.2
6.8
1372.3
5.2
7.2
12730.5
1.1
7.6
128.3
4.0
22.1
64.2
2.6
6.3
80.8
2.4
19.6
1049.1
1.5
15.1
319.4
5.8
29.5
13347.3
8.7
40.5
6608.8
4.2
20.8
551.5
7.5
68.2
736.8
1.7
15.7
56.2
4.2
41.6
2790.2
1.5
7.9
64.1
3.3
24.6
549.8
6.7
26.8
40.1
4.3
20.4
5093.3
10.0
34.1
89.4
2.4
14.8
45.7
9.9
40.7
1162.6
3.1
10.2
1518.1
1.1
6.1
9.4
6.5
34.6
5788.1
2.4
15.5
389.1
4.2
30.8
215.9
1.3
9.9
1138.9
1.9
3.8
11.4
1.0
9.8
222.2
5.2
43.7
3514.0
6.9
52.2
1539.7
2.0
3.8
1673.4
4.1
18.0
225.7
1.3
3.9
118.6
2.9
9.7
35.1
1.1
3.1
15.2
1.7
6.7
84.3
2.6
24.5
1048.3
7.1
58.7
455.5
5.4
26.7
7095.8
2.0
8.2
69.8
3.0
5.0
3292.6
7.3
24.6
668.1
4.7
37.8
156.6
7.7
14.0
2918.3
7.2
30.2
5644.8
3.6
29.5
116.6
9.2
41.2
1016.1
1.0
2.4
6.4
7.1
47.1
129.2
9.2
40.4
9431.6
5.6
53.6
3014.8
5.3
10.6
43.9
3.5
12.3
57.3
1.3
9.3
633.1
3.7
11.9
43.0
2.6
18.5
77.1
2.8
4.7
1121.0
1.1
6.6
9.2
5.1
35.2
829.3
1.1
3.5
217.3
5.9
14.4
1206.6
7.2
49.2
3983.1
8.9
33.6
285.6
1.8
15.0
18.9
2.3
22.6
3646.3
7.8
37.1
122.9
1.7
7.7
16.7
1.2
2.0
50.9
5.0
18.2
10613.3
5.0
47.6
3428.2
1.6
4.3
34.7
5.1
14.4
64.7
5.9
47.7
5019.1
3.4
28.4
404.2
5.0
16.0
29.3
1.3
5.8
1613.3
2.7
22.5
1581.9
9.3
24.5
7335.0
6.5
58.7
1358.7
3.0
4.7
14.8
1.0
8.6
985.8
2.8
5.4
15.7
7.6
66.1
1834.9
1.5
8.3
40.4
9.8
75.4
1506.8
3.9
26.9
5657.4
2.3
10.6
1108.6
2.6
12.2
148.8
1.3
4.7
57.2
6.2
27.1
45.7
4.0
14.7
37.1
2.6
18.0
53.2
4.0
17.7
30.8
3.4
32.7
191.9
7.5
64.5
1104.6
3.5
27.3
2872.6
9.4
84.4
2385.1
1.1
7.1
338.8
3.6
35.2
267.4
6.6
43.7
125.0
4.9
7.1
42.0
6.3
10.5
7143.5
5.9
42.4
8692.3
2.0
5.0
2893.2
7.8
57.3
412.3
2.4
9.0
698.3
5.8
32.3
195.7
6.1
29.0
2309.2
1.4
11.4
1905.4
1.0
5.3
88.2
6.5
56.0
445.7
1.9
7.3
25.9
6.6
54.4
97.1
4.6
23.8
33.3
9.7
61.6
20780.2
1.1
4.3
320.0
2.9
9.6
61.5
2.9
8.4
104.6
2.8
20.6
135.9
7.7
75.5
5992.4
1.3
12.9
30.3
5.8
21.5
83.2
1.6
13.2
154.1
5.3
13.4
47.2
7.6
66.8
13347.0
1.5
2.3
860.4
8.4
55.2
6904.6
5.2
26.6
40.6
2.5
17.1
534.5
8.1
75.1
686.0
1.1
9.1
63.2
2.7
21.2
1780.6
3.6
19.2
26.5
3.9
28.2
36.8
7.7
74.6
10892.6
8.7
70.8
4126.8
6.2
12.3
134.7
1.6
4.1
744.0
4.3
13.8
191.7
2.3
3.2
15.8
3.7
36.3
4702.8
1.8
12.7
1548.9
1.5
12.0
1632.9
2.6
5.3
25.2
4.1
10.2
25.0
8.3
70.9
1337.0
3.2
21.1
1451.8
7.1
62.8
78.9
8.7
82.6
237.6
1.4
13.2
68.2
8.9
58.1
809.7
4.5
32.7
35.1
7.5
53.5
299.4
1.2
6.1
20.0
3.8
26.7
157.6
2.2
4.4
14.3
6.2
50.6
754.9
2.0
3.9
22.5
2.3
20.5
24.0
4.6
13.3
27.2
1.8
11.5
1223.0
1.5
4.9
2829.7
7.5
46.1
9073.1
4.0
27.3
134.6
1.7
14.7
30.3
3.6
8.2
1638.1
1.3
2.6
11.1
2.7
16.9
50.9
1.5
14.7
747.3
6.7
54.2
14981.8
1.2
8.2
92.8
9.0
73.7
19737.5
8.0
29.6
9844.4
4.2
10.8
131.0
3.7
36.5
3135.5
1.8
9.9
26.3
2.3
21.4
670.3
4.3
15.4
4379.4
3.4
26.7
81.5
2.0
3.4
31.4
6.7
35.5
2816.9
5.3
19.3
7526.9
4.1
27.9
301.8
6.3
32.1
14423.2
2.3
17.8
74.5
4.3
38.6
4474.3
1.4
11.6
31.2
3.6
27.6
528.4
7.2
32.6
3934.2
7.7
70.7
17268.5
2.5
20.8
54.0
2.0
10.3
79.9
3.2
24.6
79.0
5.7
8.2
2898.7
7.0
26.9
99.7
2.8
25.4
45.4
8.1
55.6
1665.1
3.5
24.7
3881.6
3.9
38.5
113.6
1.8
11.2
106.9
7.7
14.6
460.1
3.4
11.2
82.8
2.0
6.3
3772.7
3.3
18.1
2370.4
3.7
8.6
1864.0
2.9
9.9
633.9
4.2
22.0
50.8
1.1
8.1
1105.9
1.4
10.6
1860.4
2.0
7.8
13.7
3.7
9.6
8134.8
5.5
42.2
8377.0
1.5
10.2
18.0
1.5
12.4
124.0
3.4
23.3
1053.4
4.6
26.0
1168.1
1.5
14.3
105.0
4.5
36.6
2661.9
3.4
18.6
88.2
8.9
80.6
2653.2
1.2
10.9
15.1
1.9
10.1
269.9
8.1
36.8
64.8
3.4
9.0
485.4
2.3
3.7
2314.5
3.3
25.7
50.8
7.7
45.1
57.9
2.5
22.6
2824.5
5.4
48.4
101.1
2.1
21.1
27.6
1.6
8.5
587.8
9.0
41.1
9931.4
5.2
30.6
181.8
9.0
33.8
1602.2
1.9
6.5
32.6
1.2
4.1
143.8
6.3
31.3
72.5
4.6
27.7
93.9
1.0
4.7
666.0
5.2
41.9
9637.2
9.5
59.2
350.6
9.5
29.2
472.4
9.1
37.9
1261.4
8.1
60.6
6025.8
1.9
16.7
659.4
1.6
13.8
242.8
5.8
9.1
1798.2
1.6
5.8
74.2
2.4
17.2
776.7
5.2
31.2
10014.0
1.5
9.2
293.8
7.1
56.8
310.3
2.5
3.9
987.4
7.9
66.6
4401.3
3.2
28.3
47.4
2.1
4.7
24.3
2.7
3.4
34.7
9.1
75.3
6829.2
5.1
7.4
476.2
2.9
18.3
2524.5
5.1
11.0
4619.2
2.2
18.3
85.5
2.3
11.0
1110.6
6.4
28.9
337.9
2.8
13.9
37.1
3.3
12.0
68.3
2.9
23.4
36.2
4.7
42.8
581.9
2.5
20.1
21.8
1.7
2.9
131.5
8.2
59.1
247.8
2.4
3.8
219.9
1.3
3.7
42.2
8.2
53.8
235.3
2.5
14.9
72.4
6.4
13.8
69.6
6.0
30.6
393.4
8.5
65.0
2247.7
1.0
5.5
48.5
5.0
16.4
2749.9
5.8
34.2
517.3
1.8
11.7
116.4
5.5
14.2
13279.2
1.1
9.8
477.4
1.1
3.3
792.1
3.6
10.0
53.9
2.1
12.7
4861.1
2.2
7.4
339.6
5.1
42.3
227.2
5.2
12.5
319.3
1.1
1.5
2615.5
1.1
1.9
791.3
2.0
9.2
1207.5
7.4
48.0
76.4
4.8
36.9
124.8
9.0
29.3
11086.4
1.5
4.2
50.1
1.9
2.8
562.7
5.0
43.4
57.2
1.2
2.6
113.8
5.8
55.4
118.3
1.7
14.1
51.2
1.5
7.4
323.6
6.2
12.4
692.1
5.9
30.4
933.2
1.8
9.7
385.8
4.4
30.9
72.7
1.3
5.3
154.1
1.2
2.0
361.5
9.2
80.4
8737.0
3.8
20.9
271.3
5.3
27.5
1904.3
6.2
60.5
77.7
10.0
51.1
204.9
5.3
7.0
167.9
1.3
8.6
31.8
2.9
15.6
41.2
5.5
8.5
3124.8
1.0
3.3
25.4
3.9
21.0
2054.1
8.0
56.9
65.7
1.4
12.8
202.8
2.4
6.8
518.2
5.2
50.9
97.7
9.4
70.9
15789.6
1.0
8.6
230.0
5.1
15.4
42.0
9.0
19.8
88.3
3.1
30.1
2231.6
1.4
9.8
411.7
4.8
31.2
73.2
1.2
2.2
28.1
1.9
17.7
2188.5
7.6
61.7
120.4
1.9
9.2
71.2
3.8
10.6
104.3
1.3
10.5
23.9
8.5
63.4
4549.0
2.6
20.5
2089.7
4.6
38.5
6588.1
1.2
4.7
166.3
3.5
19.0
592.8
9.4
53.9
633.3
1.9
16.7
693.3
1.5
10.1
2137.4
2.7
5.6
1263.4
1.9
12.1
618.2
1.1
2.6
11.8
2.7
12.0
38.9
1.9
5.2
1268.5
1.5
3.0
87.8
1.0
9.1
119.6
9.7
52.5
908.8
2.5
4.4
21.2
2.3
21.3
24.7
4.5
11.8
115.9
3.8
19.9
6565.7
1.2
6.9
82.1
9.0
42.1
5114.8
8.1
56.5
1640.2
6.1
20.2
285.8
1.0
7.6
73.3
2.5
5.4
58.5
4.7
27.5
152.8
1.2
5.7
77.6
8.5
84.0
1049.6
6.4
39.6
1369.4
8.7
26.7
2715.8
1.0
7.0
64.1
8.5
73.7
80.1
2.6
23.3
2812.4
7.0
56.6
817.9
2.1
12.2
24.1
8.3
65.8
620.6
3.0
19.1
2655.9
1.9
13.2
280.3
3.3
25.8
7407.2
4.7
7.0
126.6
2.1
3.7
1747.2
1.9
2.7
65.9
9.4
63.0
20160.0
4.1
31.7
693.2
4.2
6.8
9680.0
1.0
1.6
140.8
2.2
8.0
370.3
7.7
56.3
619.4
3.3
24.7
55.6
3.0
30.1
84.7
7.7
31.3
1425.3
1.1
5.6
361.4
9.5
29.4
1441.4
5.5
27.6
359.1
8.8
19.1
55.4
9.3
21.5
9398.2
1.1
11.1
11.9
8.7
21.8
3700.7
2.3
15.7
1253.4
2.1
5.2
165.1
1.7
9.9
153.1
2.6
15.6
1447.3
4.8
31.2
5690.1
6.2
47.0
7121.5
1.4
9.0
70.5
3.9
5.6
1228.4
2.0
9.6
30.3
1.1
9.8
1385.3
9.2
91.3
91.2
5.2
39.0
974.7
5.9
10.9
44.7
10.0
37.0
66.7
2.0
15.2
441.7
1.6
4.3
48.6
3.7
33.6
48.1
8.7
17.3
106.0
6.7
40.3
1370.5
3.7
27.0
6910.8
2.4
22.6
177.5
9.0
35.3
101.1
7.7
54.1
64.7
2.7
12.2
3850.0
8.5
24.6
88.8
5.2
35.1
44.8
1.9
13.8
75.6
3.1
5.3
892.8
2.2
8.6
141.9
8.6
85.0
14083.7
2.9
17.5
1619.7
4.4
37.5
476.7
10.0
71.4
348.6
2.8
14.0
21.7
6.4
35.9
13710.5
4.1
30.8
9720.7
1.0
5.5
367.9
5.2
11.5
3459.5
1.5
5.3
139.0
3.3
14.7
168.4
6.3
47.5
1741.8
2.2
8.3
20.6
2.0
9.0
959.2
5.6
33.1
126.8
7.2
50.7
7641.2
3.3
28.4
1037.5
8.6
74.2
1078.2
6.4
58.1
549.8
2.7
9.6
1854.2
1.9
11.2
2367.9
4.6
10.7
10553.3
1.1
4.5
1808.7
1.4
9.7
1142.0
6.8
60.4
5000.9
3.8
22.4
88.6
9.2
83.7
20161.2
1.2
7.2
146.6
3.0
16.7
21.0
4.5
20.2
5125.1
3.6
10.4
3879.9
1.0
3.6
1104.4
6.8
42.0
69.1
1.4
2.6
150.9
3.0
14.3
455.6
1.2
7.7
79.8
2.7
26.3
181.6
2.4
5.1
62.6
9.2
43.3
4113.0
6.7
12.2
35.1
1.7
11.4
2094.7
7.9
67.6
432.1
4.4
34.1
132.2
1.7
7.5
188.0
3.9
20.7
219.0
3.4
9.6
645.9
3.8
24.8
9191.6
4.0
32.7
855.2
2.7
5.6
281.5
9.0
69.9
7806.9
2.4
15.6
191.9
1.4
3.1
300.0
1.3
4.5
82.5
2.1
18.6
27.4
6.0
8.9
79.9
1.0
1.4
748.6
2.4
6.1
247.5
2.0
17.6
419.1
1.1
9.3
14.7
1.9
10.2
21.6
7.5
54.6
1341.9
2.0
6.3
3761.8
1.4
7.7
898.2
1.4
5.5
117.6
2.6
16.2
560.4
1.8
17.2
254.0
6.2
37.1
9195.9
7.4
30.9
1031.2
4.9
32.3
78.5
2.3
21.5
5475.4
2.1
4.8
17.7
1.5
12.8
16.6
4.8
30.7
58.4
4.6
13.7
326.3
1.3
6.1
9.6
5.2
20.9
53.1
3.7
9.1
19.1
5.1
15.4
117.2
2.2
20.1
2481.9
4.2
41.0
471.8
4.8
41.3
77.4
3.3
27.7
2865.4
2.9
11.0
48.0
8.2
24.3
95.9
4.8
16.9
9275.0
2.0
11.0
277.1
6.6
37.5
132.5
2.1
2.8
1034.6
1.1
8.6
201.4
4.5
39.2
58.7
3.9
36.1
8179.7
8.1
27.9
47.5
5.4
29.8
102.0
7.8
65.0
12273.0
1.3
7.0
13.9
1.2
11.7
500.8
7.2
16.2
182.3
9.0
29.7
4266.2
6.0
57.4
62.0
6.3
9.4
45.4
3.6
18.1
6154.8
2.0
17.4
38.6
4.9
12.4
4863.2
3.1
10.0
569.0
9.8
66.9
19166.3
3.0
4.4
257.2
1.2
10.6
395.9
3.2
16.6
62.9
6.2
42.5
13327.3
8.9
68.3
18301.1
2.3
21.1
20.1
1.5
4.6
13.6
8.2
78.3
83.6
2.9
23.6
241.8
5.5
24.6
4622.8
9.5
82.4
101.2
9.3
79.5
2389.8
1.6
3.0
409.8
4.2
8.8
1659.4
9.8
69.9
195.8
9.4
45.3
90.6
1.7
4.0
21.6
1.2
2.8
43.9
2.0
16.3
21.0
5.1
25.6
127.9
9.5
89.1
518.2
2.4
21.4
35.3
1.7
5.4
10.3
1.0
5.7
7.7
5.7
14.7
2622.6
1.4
5.8
119.8
1.9
8.1
29.7
1.6
10.2
690.5
2.5
24.0
216.4
1.4
5.2
35.5
1.1
5.5
10.2
2.7
26.4
2514.2
2.5
20.0
48.1
8.0
28.0
332.7
7.1
17.7
47.7
2.5
24.8
3693.8
8.9
71.5
189.2
3.1
21.0
1508.6
4.7
42.2
195.9
3.1
16.2
183.2
2.1
18.8
353.4
1.9
3.2
719.0
8.0
44.1
11675.2
2.4
4.4
106.0
1.1
2.5
5.8
1.1
8.6
1438.3
2.9
9.1
43.5
9.9
92.5
241.9
1.9
18.5
1145.5
8.2
56.2
215.9
1.5
14.5
17.1
1.2
8.0
15.0
1.8
5.7
869.7
1.7
11.0
41.2
1.0
7.6
205.8
2.3
8.3
55.7
5.3
11.0
2254.1
2.5
13.7
112.5
1.9
7.7
1263.6
8.3
81.6
139.0
1.4
2.4
71.9
4.4
35.5
108.9
1.3
12.5
1500.8
4.5
9.1
5859.3
4.1
30.9
216.8
3.1
29.2
89.4
8.0
66.5
957.7
2.1
7.4
66.4
2.0
3.8
52.6
3.3
14.3
165.2
5.6
49.2
1574.6
2.6
7.6
42.0
1.3
9.8
113.9
7.2
37.5
135.9
6.4
11.9
38.8
7.0
27.9
9730.2
3.9
21.9
240.6
8.3
51.4
16200.0
3.0
21.1
4007.5
1.7
12.1
167.9
1.2
3.6
2842.2
6.4
64.3
133.1
1.2
3.6
73.3
4.9
28.2
125.5
8.4
40.3
575.9
3.6
8.0
63.8
2.3
21.4
248.0
4.2
31.1
416.6
6.8
19.4
74.5
3.0
10.4
393.3
1.2
4.7
62.5
1.0
8.5
134.9
4.9
22.3
809.6
9.4
25.8
2097.9
2.0
10.8
244.7
3.4
27.5
1024.5
2.7
11.1
74.5
4.6
43.4
82.5
1.6
6.4
1163.7
2.9
3.7
15.6
5.8
22.8
9337.7
1.1
4.6
1978.4
1.7
3.2
15.7
2.0
9.2
196.3
4.4
26.7
10217.3
1.4
1.9
87.4
6.6
48.4
14722.1
2.0
4.2
1652.0
2.9
12.6
58.4
3.9
17.9
31.5
7.1
54.4
209.8
7.2
71.2
133.9
4.3
28.6
1029.1
4.4
31.0
10228.4
4.0
17.4
72.5
1.5
14.6
23.0
6.7
20.1
1776.5
2.2
21.4
1839.5
1.8
14.4
776.2
6.2
54.0
161.8
1.3
8.9
288.9
5.4
51.5
2146.9
4.5
30.9
43.5
3.8
4.9
40.8
1.2
10.6
278.0
1.2
6.4
1777.5
2.7
11.7
1450.9
1.2
3.8
370.9
2.1
6.2
283.2
2.1
6.1
18.8
2.2
13.5
974.4
2.5
19.4
930.1
7.6
66.7
2882.9
1.6
14.7
79.6
1.9
13.0
74.9
1.7
12.6
27.0
9.7
72.4
642.3
2.2
12.2
59.2
3.3
20.6
78.5
8.5
58.9
125.6
4.3
42.0
2003.3
1.4
5.8
257.8
4.0
23.4
7525.6
2.5
16.3
325.8
1.9
5.3
1756.0
1.2
7.0
1392.3
1.8
9.9
63.3
3.3
5.3
337.6
2.8
15.5
69.5
3.2
26.1
1886.3
2.3
3.1
3770.7
3.8
14.5
58.5
3.0
9.4
118.2
4.0
14.1
67.5
1.4
11.5
20.3
5.6
54.0
12728.5
4.0
8.2
647.7
8.7
63.3
267.3
5.4
8.2
10673.1
5.7
54.3
52.4
7.3
56.5
189.7
3.4
10.7
3114.1
1.2
7.5
2706.8
1.2
4.2
58.2
1.7
8.4
287.3
1.0
9.1
49.1
1.9
13.3
268.4
4.8
39.5
112.9
4.8
26.3
413.8
6.0
13.8
4304.2
2.5
14.8
575.2
2.3
22.2
73.9
5.3
22.7
40.5
2.4
5.0
301.4
2.4
15.1
2723.0
6.4
34.3
1458.3
3.7
12.1
35.3
6.2
26.7
1600.4
2.6
7.4
120.4
4.1
24.0
1196.6
1.0
9.1
12.4
1.5
2.8
215.5
8.8
84.0
17554.5
1.2
7.5
79.8
2.9
24.6
72.9
1.5
4.8
3752.1
1.1
10.3
1077.8
3.1
23.6
37.6
8.0
73.1
70.8
2.2
11.7
16.9
1.1
3.3
6.2
3.2
31.5
186.2
2.7
16.9
113.5
4.8
37.4
121.3
9.9
36.9
3996.7
2.7
26.1
148.0
5.0
42.7
341.3
1.2
8.5
1867.0
8.8
22.6
251.2
5.9
39.7
52.9
7.0
50.7
389.6
1.2
6.0
19.2
4.3
39.6
1348.6
2.0
10.9
813.1
8.6
39.8
3563.2
9.1
62.0
70.5
9.3
77.1
6762.2
2.6
21.7
298.9
1.2
8.0
9.0
9.8
85.0
414.0
2.5
10.8
35.5
5.2
47.7
266.4
1.3
3.4
1399.6
6.8
30.5
381.4
1.7
15.4
414.5
1.1
2.7
13.4
1.1
10.8
1749.6
3.8
20.9
28.5
8.8
29.3
3597.3
3.0
28.5
535.2
3.0
16.6
686.3
4.8
46.9
117.0
6.9
58.2
8158.7
1.7
13.3
44.4
6.0
21.4
102.9
4.4
30.4
136.1
2.3
14.8
32.7
2.3
22.3
979.3
3.6
27.8
3285.6
3.7
6.7
667.7
5.4
12.9
438.6
8.9
37.2
20488.5
2.6
22.5
92.3
1.9
16.5
115.2
2.4
21.2
2920.6
5.4
39.0
105.6
9.1
49.2
4398.4
9.6
44.4
8241.6
2.9
22.6
135.8
2.5
17.3
3929.0
2.7
18.4
36.9
1.8
6.2
496.1
6.7
34.3
1134.0
2.9
29.1
2759.5
7.9
41.5
219.1
1.0
5.1
80.1
1.8
16.8
61.6
1.5
14.4
602.0
2.1
19.9
825.3
2.1
16.9
25.6
8.2
37.1
7216.4
4.5
5.6
34.2
2.3
20.1
788.8
1.2
11.5
149.5
3.2
20.0
1917.0
1.0
9.9
11.9
4.2
31.7
1300.3
2.1
18.2
92.2
9.5
14.6
63.7
8.9
56.8
1865.8
7.8
59.5
13366.9
9.7
39.8
514.0
1.4
8.7
55.4
1.4
8.9
215.4
4.3
30.7
2232.4
1.2
2.6
295.3
5.8
12.2
421.3
1.9
3.6
89.0
5.2
18.3
42.4
2.5
7.0
2229.8
8.8
48.1
657.6
1.7
3.7
276.3
2.4
5.6
47.5
3.6
12.6
2321.5
3.2
9.4
1618.9
1.2
3.5
32.1
9.4
72.0
81.4
2.5
12.3
96.9
1.8
3.4
3523.6
8.2
48.4
85.5
1.8
6.5
92.9
1.6
9.4
1639.9
5.2
26.5
6015.9
9.3
69.6
3440.3
1.5
5.7
542.9
5.3
42.2
10439.1
7.4
41.9
179.2
1.8
8.1
385.5
2.1
10.4
952.0
1.2
2.7
85.7
2.5
7.1
48.1
2.1
19.3
551.5
7.5
47.7
15558.4
8.7
11.7
798.0
1.2
8.2
23.0
2.0
15.5
18.8
7.9
31.1
3263.8
4.4
30.7
10480.1
6.2
28.4
67.2
8.3
60.3
256.8
3.6
30.7
31.0
4.5
7.7
3513.5
3.0
11.2
7381.6
6.7
39.4
61.9
1.1
1.4
17.9
7.2
25.7
756.5
9.3
73.2
96.1
1.6
8.0
313.1
2.0
14.5
16.9
1.2
4.6
9.2
3.1
14.9
7449.1
6.9
44.5
1091.0
5.2
28.6
2300.0
4.6
19.2
100.2
3.3
22.6
1214.5
1.4
12.2
15.1
3.3
17.5
4832.3
3.8
28.0
2469.9
2.9
25.4
3460.0
7.7
75.7
14442.1
8.6
22.1
2303.9
1.1
10.9
267.3
4.8
43.6
1808.4
4.1
21.2
223.7
5.5
42.2
300.7
5.1
29.5
912.5
6.3
18.2
141.9
5.8
49.1
50.8
5.4
38.3
218.1
7.3
14.9
2707.1
1.8
15.5
35.2
1.3
7.9
13.0
4.6
29.7
52.8
2.5
10.7
38.2
9.1
37.6
19990.7
1.4
2.8
1837.9
5.9
13.5
2196.0
5.2
14.0
193.2
7.8
65.2
6446.4
5.6
35.1
99.4
2.3
16.7
920.3
4.4
18.4
64.3
1.6
13.8
118.5
1.2
1.6
14.0
1.5
10.7
59.3
3.0
19.2
1196.8
6.1
57.7
107.2
2.2
9.3
52.5
2.0
6.8
14.0
5.1
38.1
3774.5
4.3
26.6
3523.8
1.8
17.5
344.4
2.6
12.4
113.9
1.1
9.3
231.2
2.9
12.5
41.3
2.0
7.9
20.7
1.0
5.2
529.1
1.8
14.3
602.7
1.4
10.0
867.5
1.8
7.5
4569.0
2.0
8.9
475.8
2.0
14.3
23.8
1.1
9.6
188.5
1.2
3.9
11.9
5.2
10.4
766.4
2.0
4.0
182.9
4.2
10.3
335.1
8.8
11.9
484.5
7.7
50.1
453.8
2.3
10.4
836.1
6.2
39.8
56.3
2.2
12.2
19.3
3.5
33.7
771.5
2.0
17.6
75.4
2.2
15.2
51.6
1.1
3.3
27.9
5.0
15.8
165.2
1.8
12.0
913.2
7.5
22.6
3399.2
3.0
3.9
18.8
3.1
10.1
20.2
1.3
3.7
85.1
4.7
17.0
784.5
2.5
18.6
652.1
9.5
78.1
1208.5
5.5
43.9
10523.5
2.3
9.7
44.4
1.4
12.2
12.0
1.0
5.6
75.3
3.9
12.8
25.2
1.2
9.5
549.2
2.9
17.1
1425.5
3.1
18.8
55.5
1.2
3.9
8.1
1.1
3.2
39.7
1.1
10.5
37.6
1.2
5.3
225.7
2.3
21.3
69.4
3.6
32.7
3637.4
9.5
32.7
1100.5
8.4
78.0
263.2
2.6
15.0
3939.1
4.4
22.1
2613.7
2.4
7.5
19.2
1.9
3.6
46.7
1.0
8.9
497.1
2.7
16.9
404.1
4.3
38.5
383.7
7.0
48.2
82.4
4.6
44.6
251.4
3.2
12.8
2809.5
2.1
6.0
20.0
7.2
32.2
49.5
1.1
5.1
356.6
3.4
20.0
85.9
3.4
29.8
647.0
3.6
23.8
294.3
2.9
28.3
107.9
5.9
9.2
1377.4
1.0
6.9
1165.8
1.0
2.6
163.4
7.9
32.3
331.7
3.8
21.4
38.4
6.5
12.8
3570.5
2.5
10.4
1375.5
2.6
21.2
1494.0
6.7
35.1
87.6
2.0
10.6
2259.6
8.7
53.7
4954.8
8.0
38.5
216.6
7.8
37.1
1381.4
2.7
9.4
51.3
3.2
22.6
2751.0
3.7
35.5
134.4
1.8
2.4
30.4
4.0
24.6
8184.9
2.2
12.2
29.6
9.8
50.8
101.5
6.7
63.4
870.6
3.2
21.7
59.2
8.3
44.6
73.0
1.1
2.3
42.4
1.1
3.6
6.2
6.9
57.2
3331.3
6.9
44.3
11624.3
3.1
21.6
266.5
1.2
6.7
20.8
1.4
13.8
21.7
6.5
21.8
6497.5
7.9
41.4
4888.7
8.6
19.5
197.2
1.2
7.1
30.0
3.4
13.3
90.0
9.1
36.2
18717.8
2.7
13.3
190.1
5.2
39.5
5848.6
1.0
9.5
71.3
2.9
4.1
5977.1
1.1
5.8
29.5
3.7
23.3
27.2
7.8
77.6
116.0
5.4
53.7
69.1
1.5
9.6
120.2
4.1
25.1
3487.9
1.2
7.3
2683.8
4.2
32.7
193.2
3.0
25.5
2610.9
2.4
6.2
35.6
1.4
8.1
19.6
6.1
11.5
121.6
3.2
20.4
768.3
5.6
45.4
4896.9
2.2
21.0
26.7
4.8
34.6
1021.1
3.0
13.8
138.3
5.0
46.7
552.9
6.5
39.7
206.8
1.8
12.4
113.3
9.5
16.4
239.1
1.2
8.8
12.0
2.8
16.4
42.5
3.3
26.7
498.7
4.6
23.3
333.1
1.3
9.5
440.4
2.6
15.2
221.1
8.5
77.9
111.7
2.9
19.3
3202.1
2.3
13.6
89.2
2.1
6.4
63.0
2.0
20.2
193.3
2.5
22.9
46.8
4.4
12.8
1573.3
1.6
9.9
27.2
2.1
6.3
20.3
3.4
24.6
460.8
3.5
26.9
83.9
2.8
13.0
67.4
1.3
9.0
15.1
8.9
52.7
816.9
1.0
8.4
32.6
6.6
55.3
250.9
2.6
22.7
219.3
6.7
41.0
1873.3
1.6
6.3
298.9
5.9
16.3
3826.4
1.1
11.0
586.4
7.2
42.5
62.5
3.5
22.0
461.7
4.5
25.5
1143.9
3.7
29.1
1589.2
1.4
5.5
203.7
4.5
27.7
66.3
3.4
9.6
3179.9
5.8
53.9
3187.0
6.8
59.5
90.4
2.2
15.2
50.8
1.3
7.7
11.5
5.5
52.2
855.8
3.0
13.9
3853.4
1.4
8.3
884.9
5.0
22.3
183.8
1.2
8.2
2931.0
5.0
21.8
34.2
1.6
2.8
3714.4
7.9
57.0
242.2
1.4
2.5
16.0
1.9
6.6
4418.5
1.9
6.2
159.5
1.6
11.1
36.3
2.3
4.3
1141.9
7.1
32.4
16234.6
1.6
5.3
3349.6
5.7
35.2
6852.9
1.4
5.0
204.1
5.0
36.5
10822.9
9.9
54.1
1355.6
6.5
8.3
1371.6
2.6
13.8
18.1
3.4
14.7
522.3
8.5
21.1
7206.2
2.0
17.4
650.3
2.2
6.4
658.9
4.4
6.8
360.1
6.5
48.2
5417.9
3.0
9.7
589.7
9.2
81.7
107.6
1.5
6.7
31.2
3.4
11.3
5538.5
2.3
20.9
72.4
1.6
9.3
11.4
2.7
11.3
707.5
2.2
19.3
139.9
6.7
41.3
211.9
3.0
14.2
2813.8
1.3
12.3
673.4
1.4
4.2
11.2
1.3
10.0
356.4
2.6
16.4
6085.6
5.6
32.5
51.9
6.1
32.5
249.7
1.2
10.0
43.2
7.5
72.2
132.5
4.6
30.4
49.9
2.6
5.7
129.6
9.8
26.3
23924.4
1.2
7.9
509.0
5.9
9.8
1054.3
2.0
18.3
17.3
3.1
15.3
2945.3
4.7
31.6
920.6
8.9
21.8
120.3
5.2
8.0
966.4
2.6
11.2
76.0
1.2
2.1
262.3
2.7
7.9
1176.8
2.3
4.9
137.8
3.3
23.8
54.7
4.0
26.4
57.1
5.7
49.0
263.5
9.2
73.2
243.3
3.2
15.6
1415.8
2.8
10.0
3906.8
1.8
15.2
17.3
9.0
67.7
170.1
1.2
2.9
76.2
6.0
40.6
10043.0
7.8
27.4
2024.3
1.5
5.6
582.7
1.7
15.0
2343.4
7.1
24.9
461.3
1.9
17.4
1827.2
5.8
39.8
2068.7
5.4
50.5
8501.5
3.4
17.2
160.4
4.7
10.7
73.2
1.7
8.7
113.7
1.0
4.1
288.9
2.6
23.2
110.7
1.8
5.7
22.2
2.3
7.3
403.0
3.4
9.6
2236.0
9.1
53.2
20762.8
2.0
3.3
1041.5
2.3
16.1
198.1
7.3
28.9
79.7
2.6
15.8
91.9
1.2
5.2
60.5
3.0
19.0
31.7
7.1
33.5
4953.8
9.5
23.4
3696.0
2.2
18.1
45.1
1.5
15.1
152.0
7.6
63.7
2012.1
2.3
11.2
102.9
3.2
24.2
40.1
1.4
10.2
39.4
1.1
4.4
7.7
10.0
34.1
3760.3
1.1
5.9
422.6
1.9
14.7
68.3
3.3
17.2
6321.0
8.2
63.0
133.9
3.1
31.1
3111.5
1.0
3.1
10.8
4.0
34.8
88.0
1.4
3.7
9.3
4.7
33.8
222.1
1.0
9.4
236.0
1.7
4.8
1964.4
1.9
14.5
4480.2
1.7
8.9
1207.8
2.6
3.8
4531.3
1.5
11.7
55.8
1.8
3.8
15.0
9.0
38.3
145.1
2.2
11.8
1007.9
10.0
94.7
2994.9
3.0
12.9
1562.5
4.8
27.2
72.0
7.3
27.2
4742.1
3.4
26.6
1040.6
4.8
46.6
3691.8
8.8
83.2
549.1
5.9
15.3
2124.2
1.1
4.6
38.8
1.2
6.0
236.6
6.4
57.7
7143.1
4.1
27.4
69.6
1.0
2.7
246.2
3.1
30.5
799.9
3.5
30.8
33.1
3.1
8.8
1195.8
1.1
10.2
122.0
7.2
54.4
268.8
1.4
12.3
13.4
2.1
11.9
17.5
9.3
85.1
1089.4
2.1
20.3
179.3
2.3
7.7
33.1
6.7
13.2
75.9
2.2
3.3
1535.8
1.4
3.5
266.3
7.0
60.1
115.2
3.6
6.9
4201.0
2.2
12.4
313.8
4.9
46.9
305.6
5.3
21.2
366.5
3.2
22.8
87.7
2.7
12.3
46.8
7.2
50.7
86.7
1.9
18.6
1500.4
2.5
21.4
24.4
1.5
8.6
1664.4
4.7
17.6
2544.9
2.1
7.1
147.7
6.5
41.4
1766.6
1.5
7.2
503.5
5.5
53.9
69.3
1.1
7.0
1116.3
3.9
17.6
25.4
4.8
31.2
46.5
4.0
24.2
2319.0
2.6
21.7
110.4
1.0
2.2
5.8
4.9
40.6
186.5
2.6
18.3
113.0
1.1
6.6
17.3
2.5
11.1
229.2
6.9
36.2
1916.0
6.8
32.5
162.3
6.3
36.2
1279.3
1.0
6.3
1555.5
6.8
39.1
2404.1
5.0
16.5
4879.3
1.4
10.8
45.8
4.5
26.2
295.2
2.2
8.1
5229.4
4.1
11.2
27.5
8.4
17.7
6901.5
2.1
5.7
23.1
1.0
2.7
10.1
4.0
20.3
394.5
1.8
17.1
1929.7
4.1
21.7
5523.1
1.5
7.2
105.5
7.8
43.2
11337.6
5.4
18.2
113.2
4.8
9.9
48.9
6.7
31.4
658.3
2.0
7.5
13.9
6.9
42.7
5916.8
1.9
7.6
312.0
3.3
16.1
299.8
1.8
3.0
1887.6
9.3
68.4
75.1
1.5
2.4
54.1
7.2
9.2
38.6
8.5
46.4
958.2
1.1
6.1
1235.9
3.6
19.0
346.6
6.2
19.4
2268.6
2.5
15.8
1874.2
8.4
27.0
143.2
5.0
28.3
202.9
3.4
26.7
211.1
6.2
13.1
1563.2
1.9
3.5
14.4
3.3
10.9
3558.9
8.3
81.7
320.3
1.0
2.0
17.9
4.0
14.6
78.2
2.0
2.9
356.0
1.1
1.5
949.9
5.0
22.7
153.2
5.1
27.9
548.3
1.9
12.4
2016.6
4.8
35.9
3976.1
7.4
68.7
5617.2
5.7
47.8
127.3
2.2
21.3
332.6
9.6
72.8
4169.1
7.7
46.6
761.8
1.4
4.5
8.6
6.3
34.2
875.1
2.2
6.7
330.6
1.6
14.0
33.8
9.2
32.2
140.9
6.3
43.4
2354.0
1.4
14.4
39.4
1.1
8.6
13.6
5.4
27.7
761.4
5.8
12.7
199.8
1.3
10.5
65.0
2.5
17.1
100.3
1.2
9.0
19.1
3.3
15.3
30.1
1.6
12.7
723.9
3.3
7.2
1355.5
2.0
19.4
760.9
2.7
25.2
29.1
1.4
12.2
47.2
1.9
8.3
509.2
2.8
18.1
108.0
1.6
11.0
2551.4
7.0
34.6
8272.5
9.8
47.5
8838.7
9.9
89.0
4016.1
2.2
7.9
153.8
7.2
29.8
528.3
1.1
11.1
10.5
10.0
71.3
164.0
5.3
12.5
336.4
2.4
12.9
1822.5
1.0
3.1
338.2
4.4
25.8
319.4
2.2
10.2
63.2
9.2
60.6
5672.1
1.9
12.7
2126.0
4.0
36.4
182.0
1.0
9.8
386.8
7.6
55.0
4070.7
4.5
39.1
82.1
1.2
6.1
28.6
1.7
16.5
124.8
8.2
54.4
18450.1
8.2
57.7
646.4
2.4
7.1
105.0
1.3
7.5
16.1
8.9
47.9
111.2
1.4
11.6
266.6
6.3
30.7
42.6
2.2
18.6
5082.7
2.1
4.8
2950.5
3.2
17.7
63.9
3.2
25.7
195.1
5.0
9.8
819.8
5.6
31.5
984.7
1.6
13.7
85.3
1.2
2.0
1599.6
1.3
5.7
9.3
1.5
6.8
15.8
6.2
38.0
2953.8
1.2
6.2
861.6
3.0
4.5
3767.9
3.0
10.8
96.2
2.7
15.6
32.4
1.6
14.8
182.9
6.0
43.8
50.2
9.8
39.7
1150.5
1.4
12.6
15.5
2.4
5.4
606.8
6.3
36.4
90.4
6.6
33.9
3709.4
9.6
81.2
92.8
4.7
32.6
165.7
6.8
36.8
2035.5
2.5
12.6
1950.3
3.1
29.0
5675.5
2.5
24.0
280.7
1.5
2.6
317.8
4.3
14.9
341.5
5.9
39.5
2935.8
2.8
24.7
29.7
5.2
37.5
173.0
1.5
2.9
3159.2
1.3
5.3
48.3
3.8
17.5
72.1
2.1
15.6
688.9
7.9
79.2
8098.3
2.6
23.4
83.8
3.4
27.5
1554.5
3.4
12.6
39.8
8.9
22.7
187.9
1.1
9.1
177.5
1.8
4.5
2561.4
5.0
23.4
68.7
9.2
79.6
2576.7
2.7
22.4
64.5
2.1
5.4
49.3
2.1
18.1
4806.0
1.9
8.6
1577.2
6.4
14.7
112.3
3.8
34.6
337.5
2.5
19.8
2252.1
6.3
61.3
151.0
5.2
8.5
354.3
4.6
27.7
5522.3
4.1
35.8
46.8
3.5
7.9
1819.6
1.4
5.7
853.6
1.4
7.4
785.6
2.6
10.0
20.6
1.3
3.4
31.3
4.0
26.5
213.5
8.7
60.7
6650.6
1.1
6.2
8.6
3.4
14.0
21.0
4.8
19.3
153.2
7.5
32.6
208.5
3.6
29.8
48.5
3.4
33.6
5636.8
1.1
7.1
8.1
2.2
13.9
18.0
1.1
8.1
9.6
3.1
28.7
3312.0
6.9
15.6
41.4
3.8
10.2
149.2
2.0
10.8
567.3
6.3
45.6
54.6
2.7
20.9
326.4
1.2
2.2
101.2
3.2
16.9
1300.0
1.4
7.8
85.1
2.4
16.5
1300.4
2.7
25.5
1689.2
7.8
50.7
158.7
3.2
29.2
38.6
6.7
55.1
360.1
5.6
49.8
135.2
1.2
9.9
16.2
3.2
17.6
1611.6
6.0
55.5
5773.3
1.4
8.3
277.1
3.5
24.1
641.6
1.7
16.0
104.3
1.1
10.3
2078.4
4.2
30.8
60.2
4.2
18.2
5046.2
6.1
54.6
501.2
1.8
15.2
2199.6
1.9
8.6
190.7
1.1
3.5
7.2
3.8
15.0
41.6
1.3
2.1
12.7
1.2
5.9
218.7
7.8
30.1
4668.3
2.4
10.9
2457.4
3.2
20.4
60.9
1.0
9.4
241.5
2.6
15.1
83.8
4.9
35.4
114.6
1.3
6.3
9.4
5.4
29.3
3284.6
1.5
8.8
192.6
1.9
9.3
1030.9
8.0
35.2
849.8
6.2
20.8
922.4
9.6
89.0
332.7
9.0
36.5
16991.4
2.0
11.8
782.3
4.6
28.2
143.8
5.9
45.9
325.0
1.2
2.8
148.2
2.9
24.4
366.4
4.3
34.5
663.1
5.3
41.1
1982.9
4.9
13.2
8286.5
1.9
9.1
4020.1
2.6
7.6
896.8
1.3
12.6
1326.1
3.4
13.9
33.2
3.4
29.2
94.4
8.4
68.5
1981.4
5.5
10.5
43.1
1.9
13.9
1420.6
1.0
9.6
349.9
4.1
11.1
905.4
3.9
35.0
839.1
1.3
12.1
67.7
4.7
11.6
1436.0
1.3
2.3
13.0
2.0
18.7
189.7
6.9
34.6
2433.0
3.9
13.1
2136.5
1.2
11.1
171.5
9.7
65.4
8317.1
5.4
20.5
43.3
5.1
15.2
132.8
1.3
10.5
10.4
2.9
10.9
103.4
1.7
13.9
23.6
3.0
9.8
1749.4
4.7
41.3
93.0
3.8
23.9
230.6
1.0
2.9
1941.4
1.1
5.5
9.0
7.1
55.5
773.8
5.5
8.2
913.9
7.8
22.6
3647.3
4.6
36.8
1461.0
5.9
57.0
80.7
9.3
54.9
189.3
7.0
57.1
6665.8
3.3
7.4
1234.3
1.9
18.5
496.0
2.8
26.9
1335.9
1.2
7.6
681.3
9.6
38.1
422.7
4.0
22.1
124.1
4.2
38.7
863.5
4.8
20.0
1239.8
5.5
44.9
11313.5
3.3
27.2
28.7
4.6
33.9
143.8
8.6
67.9
21311.5
1.1
8.7
169.8
1.6
2.7
12.2
2.1
7.4
51.5
2.5
22.0
58.1
1.8
10.1
1594.8
4.7
24.9
5904.4
3.8
13.8
331.2
2.6
15.8
2007.4
1.5
5.8
2910.9
1.0
9.1
23.9
9.2
25.1
101.9
5.0
7.2
635.5
1.2
11.2
27.9
2.3
13.1
32.4
10.0
27.5
1691.4
1.1
4.1
110.4
7.5
22.5
70.5
1.8
16.1
225.4
1.2
11.8
75.9
1.8
14.0
16.1
4.6
9.1
95.2
3.7
11.6
1096.2
8.2
79.8
123.3
4.4
35.2
784.1
2.2
18.7
2496.0
4.3
6.6
276.5
1.8
13.8
14.2
8.6
46.7
2041.2
7.6
46.6
100.5
1.2
3.9
254.9
2.3
7.3
433.5
1.7
3.9
15.5
1.9
17.9
52.3
1.9
18.5
22.6
7.9
50.4
377.1
6.2
36.6
305.7
2.0
19.7
93.3
1.1
9.4
163.2
2.4
3.7
3067.4
2.8
19.9
2259.3
3.0
6.3
23.7
4.3
34.3
60.1
2.7
10.1
4140.4
5.0
44.0
77.7
1.9
13.0
1118.9
3.8
19.7
31.8
4.4
38.4
700.7
1.5
5.5
2083.0
2.1
9.6
963.0
1.4
3.2
612.7
2.3
21.8
50.2
2.1
15.0
69.6
2.8
20.4
239.2
2.3
8.3
60.3
3.1
6.2
85.2
3.6
32.4
2233.4
6.3
15.7
1645.7
3.2
15.9
7967.7
2.2
7.2
45.8
9.6
37.0
2202.4
2.1
2.9
275.9
4.0
22.8
232.6
2.2
6.9
30.7
4.0
36.5
53.4
7.9
55.6
80.5
1.2
5.6
110.2
4.2
11.6
578.1
6.2
16.6
266.1
8.7
55.7
2926.2
3.2
18.8
83.6
2.0
13.0
17.5
2.2
4.5
80.9
1.3
5.1
1938.4
3.7
13.3
2135.3
5.2
22.0
120.7
2.6
8.0
1081.5
3.3
5.2
121.6
5.5
12.9
884.0
1.5
4.9
38.6
2.6
14.8
3494.1
2.7
6.9
359.6
4.9
40.0
4119.4
8.2
21.3
13429.7
3.7
20.0
2945.0
1.4
7.9
1017.3
3.7
6.6
979.3
1.4
4.7
53.9
8.0
76.4
123.9
1.1
3.2
578.5
2.6
17.1
2039.9
2.4
7.8
371.6
4.6
19.6
4182.7
3.3
22.4
109.6
1.2
3.8
118.0
2.2
21.1
23.1
8.3
81.2
5336.6
4.6
11.3
7465.1
1.2
11.4
409.0
4.0
10.2
22.8
7.0
41.8
10961.5
1.3
10.5
24.0
1.9
14.1
198.6
1.2
8.3
12.2
6.5
39.2
1024.7
6.8
52.5
3485.4
9.0
75.1
108.3
5.6
9.7
2179.7
4.5
26.3
1122.2
2.1
7.3
16.3
3.9
31.8
1429.2
2.4
9.0
310.9
6.1
51.8
200.4
9.1
57.4
2080.7
3.9
33.1
51.3
1.3
6.8
41.5
3.5
24.8
1112.3
1.4
10.2
120.7
2.6
23.2
3317.2
2.0
13.7
27.8
1.1
1.9
44.8
4.5
9.0
240.1
2.4
11.7
1023.7
1.2
5.8
1486.7
1.1
8.4
75.1
9.1
55.5
1207.5
3.7
6.6
1866.4
1.7
13.2
14.9
2.2
14.8
346.4
8.3
76.4
1300.8
5.2
13.9
4954.6
1.2
4.6
15.6
1.3
7.3
297.9
9.8
42.3
321.7
1.1
3.3
116.8
1.5
12.3
67.1
7.9
32.6
191.4
5.6
37.6
2819.0
4.9
21.2
735.0
2.6
25.5
269.0
8.5
56.6
2252.8
4.1
38.2
3305.4
2.1
4.8
534.2
7.9
58.3
171.2
6.6
15.2
2157.8
6.0
17.8
35.7
1.1
1.5
1433.4
3.6
5.5
368.6
6.1
21.0
9396.0
1.4
4.6
931.5
8.1
73.9
682.3
4.9
24.1
784.2
2.0
8.6
126.6
4.3
6.2
198.0
7.5
40.0
61.7
3.7
7.7
3744.9
3.8
36.7
2594.2
5.2
43.0
129.3
1.5
10.8
2292.5
2.4
18.3
25.9
2.1
13.2
34.5
9.7
58.9
590.0
5.8
50.6
1991.9
1.7
12.4
320.9
2.8
5.5
948.3
1.3
11.9
17.7
2.1
11.1
4219.2
5.1
38.5
357.2
5.7
15.0
224.2
1.2
8.2
12.3
1.5
4.8
3501.4
5.3
16.8
123.4
1.3
6.9
28.2
9.4
43.7
1124.3
1.0
3.8
482.9
7.5
12.8
264.9
6.0
16.9
383.0
2.3
11.3
207.5
8.3
13.8
687.5
3.2
17.9
788.1
7.7
59.6
8449.1
3.7
14.7
888.0
1.3
12.0
14.7
3.5
20.2
146.6
1.7
2.7
1202.0
1.2
2.2
24.0
6.6
47.9
352.0
1.8
3.7
129.4
9.7
52.1
203.1
3.0
14.3
52.0
6.1
41.7
111.5
3.4
30.3
5120.4
1.1
3.4
804.6
1.0
7.1
1322.0
1.2
8.9
2834.8
5.4
48.2
76.4
2.0
11.7
2827.4
9.1
34.8
3274.5
6.0
32.1
585.2
2.9
27.8
66.3
2.8
25.7
42.3
3.3
18.7
31.7
1.9
12.9
14.9
2.6
3.7
45.5
6.6
42.9
1928.4
3.7
31.4
7877.1
3.6
20.1
970.4
5.5
45.8
85.6
3.1
8.9
39.3
7.1
30.3
616.1
9.5
74.0
16188.3
2.6
17.1
1570.8
1.2
10.7
576.1
3.3
21.4
576.1
3.4
5.5
1319.9
1.2
2.5
34.2
1.8
14.6
2117.1
6.5
50.2
64.2
1.4
6.5
1825.1
3.7
8.4
40.0
2.2
5.9
1507.9
1.1
7.4
2528.8
1.3
6.8
19.5
4.4
37.9
1037.0
4.9
14.3
5070.4
2.3
9.3
3194.2
3.4
24.2
30.2
1.6
9.6
58.7
7.5
58.7
476.8
4.9
21.8
3113.2
3.7
6.0
4115.9
2.6
9.9
50.5
5.9
8.9
68.8
7.6
11.0
186.2
2.2
11.1
118.5
9.8
90.5
8363.9
1.4
3.5
7.9
1.2
4.9
42.8
9.2
55.4
2445.9
1.6
3.5
99.4
1.7
4.8
4033.2
4.8
31.5
1016.4
4.6
43.7
88.1
4.2
40.0
7460.1
1.8
13.6
4236.0
4.8
42.5
3483.0
4.8
32.7
331.3
8.8
15.3
2324.9
2.2
15.0
369.6
1.8
17.2
1868.5
2.0
19.6
481.1
1.5
8.8
137.7
8.2
45.7
412.0
1.5
3.7
337.2
3.7
13.2
69.6
1.5
4.1
38.7
7.3
59.9
271.7
2.6
17.4
927.2
3.5
31.3
73.7
6.5
28.3
495.9
1.3
8.1
477.4
4.6
19.1
135.5
7.8
10.4
210.0
1.1
5.9
7.4
1.8
7.3
56.4
1.7
13.0
1017.8
1.3
11.4
17.5
1.7
15.3
337.5
6.9
40.9
347.5
4.8
35.2
11678.6
1.3
12.0
961.9
4.0
9.5
1599.2
5.9
53.3
585.2
5.8
21.4
148.4
7.6
74.4
82.2
5.3
51.0
1266.0
1.2
10.9
27.6
2.1
6.1
65.8
3.2
14.4
1508.3
8.7
53.7
5077.6
1.9
2.8
17.7
9.3
45.6
2619.6
1.7
16.6
99.7
3.7
25.9
176.7
1.2
9.8
31.1
1.5
7.4
183.8
1.6
9.7
14.0
4.1
39.5
229.1
1.6
5.4
605.5
7.3
44.5
14451.8
4.4
25.3
1255.0
2.6
13.7
156.4
3.2
16.1
177.6
1.2
3.0
2565.3
2.3
14.5
2224.4
3.1
20.2
395.2
3.0
26.4
28.8
5.3
50.6
2713.3
3.2
17.8
2331.5
2.5
6.5
697.8
4.1
29.7
355.3
1.2
10.4
2621.7
4.3
26.5
8386.3
2.3
3.1
227.9
3.9
9.6
3128.1
3.4
10.7
186.0
4.8
45.4
384.0
9.0
83.6
201.9
1.1
5.5
50.9
2.9
17.1
376.6
2.2
19.9
32.7
4.4
38.9
61.1
1.1
10.5
35.5
7.6
33.9
1209.3
7.1
20.7
7002.7
2.1
11.3
4635.6
9.8
61.4
327.1
2.3
3.6
24.4
1.3
4.3
9.1
9.1
51.4
6455.5
2.1
16.8
49.2
1.5
9.6
118.3
2.6
10.5
86.6
10.0
64.0
420.8
3.2
5.6
313.3
9.4
60.7
623.7
1.3
2.3
124.7
6.1
39.1
14776.8
2.4
19.8
2032.4
9.3
13.1
107.7
5.0
27.6
48.5
5.0
29.3
207.9
9.1
85.9
8242.9
8.4
80.7
342.2
3.0
18.1
575.7
7.1
42.4
4781.2
1.2
8.0
10.6
3.5
20.1
31.5
1.6
12.0
14.9
2.5
17.2
262.7
2.4
10.9
27.5
2.1
20.7
489.8
5.0
29.2
102.9
4.0
33.4
44.7
1.0
6.7
1297.1
1.4
2.1
82.9
1.3
11.8
324.1
1.6
9.9
108.4
6.7
26.1
6547.6
2.9
27.4
29.0
3.3
12.1
188.5
6.4
18.7
120.4
7.0
22.6
41.0
3.1
22.4
1422.4
1.3
5.5
45.0
2.5
15.2
107.9
1.7
5.5
1365.1
1.5
3.5
1975.9
3.8
8.9
120.4
2.0
17.0
2829.8
6.0
32.6
957.7
1.4
11.2
361.6
8.6
40.4
62.4
1.5
5.5
25.7
5.0
6.3
27.5
7.5
18.5
144.6
6.2
40.9
3689.8
2.0
12.0
62.2
1.7
8.5
2903.6
5.1
10.8
7119.8
1.1
6.9
136.8
1.5
13.9
322.2
6.5
11.9
6771.6
2.3
17.0
86.3
2.9
21.2
1831.9
3.1
15.0
871.0
4.7
46.2
139.5
3.9
5.6
2231.9
1.7
4.2
22.0
2.8
18.8
6483.8
4.8
37.1
93.0
8.4
59.2
4214.5
8.4
55.9
222.0
6.4
31.7
134.1
4.4
38.8
264.9
8.1
38.6
606.2
4.9
35.0
1797.9
6.1
26.9
693.1
3.3
6.7
2447.8
3.5
30.0
1676.7
7.5
63.0
103.7
5.3
37.5
1162.4
2.5
18.8
522.0
2.7
7.6
56.9
5.5
28.0
1194.0
6.8
46.2
64.8
1.3
3.1
45.0
5.9
30.5
41.5
1.9
5.9
1161.0
4.6
16.6
153.0
8.1
49.2
62.9
1.2
5.0
8.0
2.0
12.2
47.9
2.2
3.1
1044.0
1.0
6.8
28.3
3.7
30.0
445.5
3.5
7.5
38.0
4.7
19.7
86.1
8.9
24.6
6165.4
4.5
19.8
48.2
1.6
15.5
95.3
6.6
40.4
48.4
5.6
34.4
55.3
8.1
33.1
364.0
4.1
34.6
162.2
5.1
44.3
196.3
2.8
21.6
342.6
4.4
32.5
1594.7
8.1
80.4
1732.0
2.5
23.7
30.1
1.7
12.3
324.0
2.8
11.5
29.4
5.8
14.5
2670.7
1.3
11.3
107.5
1.5
11.7
3629.6
6.7
32.2
155.3
4.5
18.1
178.6
1.2
4.3
7.6
3.3
4.1
25.3
1.5
2.6
39.2
3.6
27.5
48.5
4.4
9.8
26.9
2.5
12.7
99.4
1.6
10.2
234.3
1.6
2.6
1295.7
6.9
36.0
117.5
4.1
34.9
532.7
3.7
16.5
4090.7
1.2
9.2
312.5
1.1
1.6
29.2
1.3
1.8
167.2
2.8
8.3
28.3
9.7
36.5
205.5
3.4
8.9
730.3
4.4
6.0
10716.0
7.5
20.7
43.5
7.5
59.4
2665.1
2.8
13.0
94.8
3.2
16.0
48.6
5.4
24.8
1087.8
4.7
12.1
2665.4
8.8
18.3
109.5
3.0
28.4
192.2
8.6
80.4
75.9
4.5
33.4
825.2
5.5
7.9
155.0
5.6
46.7
10525.5
4.8
27.5
623.5
1.2
8.8
13.9
1.7
6.4
288.4
6.1
55.3
8955.9
1.4
8.8
1543.0
2.7
3.8
529.7
2.2
9.7
33.6
5.5
20.5
66.2
5.1
41.8
1666.3
1.9
13.5
91.3
7.4
63.6
1149.1
7.7
21.8
373.3
7.1
36.9
2315.0
1.8
11.0
17.6
1.7
8.1
2380.0
4.5
26.5
770.0
3.7
25.9
1469.8
8.3
30.5
856.1
2.4
8.7
1127.9
9.5
91.7
1365.2
5.4
13.3
65.2
3.2
20.8
694.9
2.0
9.3
1910.3
5.0
18.8
12046.8
4.8
27.4
1328.0
1.1
5.1
19.9
2.3
22.7
38.6
10.0
58.1
418.1
6.7
20.6
8072.8
6.3
26.9
60.2
9.8
52.1
1616.4
1.1
7.8
281.3
1.0
8.8
15.3
5.1
16.8
84.1
3.1
18.4
22.8
7.2
41.7
16166.3
4.6
17.5
344.0
4.1
37.6
9274.0
4.8
6.3
9847.4
2.2
14.3
886.3
9.4
52.9
222.7
2.8
23.5
168.0
4.7
32.9
84.1
2.0
10.2
29.9
1.2
10.7
382.3
3.1
30.0
41.3
3.1
18.7
191.2
1.1
6.4
17.7
1.6
7.2
25.8
3.1
4.8
174.9
2.7
3.4
3564.3
6.3
24.6
10609.4
3.2
30.7
4753.1
6.0
32.3
69.3
1.3
11.8
2253.3
7.8
31.6
1567.2
6.0
10.5
8525.4
4.6
13.2
983.9
1.2
9.9
383.1
3.1
7.1
16.2
6.6
23.6
2612.9
2.4
7.6
824.9
1.7
9.7
240.2
8.4
81.9
10874.1
2.7
18.6
37.7
4.0
28.0
49.0
2.8
23.4
672.1
1.2
11.4
10.7
1.6
3.6
125.2
7.3
48.2
552.8
6.3
20.4
40.2
2.9
3.8
1443.8
6.0
54.9
149.8
2.3
6.5
3760.0
1.6
9.0
51.3
1.2
7.6
762.8
2.4
19.1
1830.4
2.4
13.7
3679.7
2.2
12.9
49.6
1.1
5.6
105.4
3.2
21.6
2556.4
1.8
2.9
3860.9
1.1
7.5
8.3
8.5
78.4
2960.5
6.3
61.5
8008.3
1.5
1.9
43.5
1.8
12.6
2075.9
1.1
7.7
369.5
1.5
10.3
1056.2
6.1
44.3
89.1
3.8
18.3
38.8
3.0
18.6
1380.9
2.0
7.3
81.2
2.7
17.3
200.5
4.7
35.8
531.9
4.3
23.7
857.0
1.8
15.6
20.3
6.6
19.0
182.3
7.9
23.7
2525.3
6.5
57.6
145.7
1.5
11.7
14.7
1.3
5.1
50.8
2.4
21.5
201.3
4.1
34.2
878.6
6.6
65.1
128.3
1.4
10.7
72.0
4.0
19.6
47.6
7.6
10.8
2660.0
1.1
2.8
77.1
1.0
4.1
1287.7
3.7
33.0
1676.0
6.5
9.3
67.7
1.7
6.1
161.9
1.9
12.2
381.8
7.3
25.8
6102.4
4.8
16.0
4711.4
2.9
9.4
1961.0
1.6
8.4
44.2
4.2
36.5
49.1
2.3
3.8
2792.5
1.5
13.4
1896.9
1.1
6.4
49.6
3.0
21.8
703.4
1.5
2.2
305.0
1.4
7.3
21.6
1.1
9.9
23.0
2.2
10.6
30.8
1.6
14.9
16.6
2.0
18.1
72.2
3.2
22.5
674.7
1.1
9.7
10.2
2.2
18.8
322.7
1.5
11.6
22.4
6.5
27.2
42.1
4.5
23.8
1513.5
1.7
12.8
1757.5
2.9
19.4
23.9
2.7
18.4
136.1
2.6
12.2
1199.2
8.8
74.3
229.0
5.0
48.7
80.6
1.3
4.6
12.7
4.5
26.8
115.3
4.0
18.9
250.8
7.0
30.5
6716.5
8.2
21.3
4604.1
1.3
9.7
58.4
2.1
14.5
20.4
1.2
8.0
1651.4
4.3
13.7
253.6
2.2
16.5
922.1
5.6
28.4
39.2
1.3
12.5
1659.3
6.1
24.9
441.5
5.7
20.3
2795.5
2.5
19.3
609.2
1.6
8.0
3694.9
6.9
14.7
787.2
4.1
35.0
77.6
4.0
13.5
8366.4
2.9
17.4
1676.8
4.7
7.2
328.6
1.6
6.7
11.3
3.9
25.1
57.0
1.5
4.9
564.8
1.4
4.2
14.7
3.0
22.2
4958.9
4.7
20.7
1533.6
4.4
26.1
849.6
9.8
29.6
8699.4
2.0
4.9
26.4
7.0
49.9
2363.4
1.4
7.4
3020.9
6.1
33.1
7904.7
1.2
4.1
29.7
1.1
3.2
323.2
2.4
3.1
28.9
4.7
32.8
3168.0
1.2
8.5
29.1
4.0
18.2
35.8
4.3
33.8
8522.8
1.4
3.6
13.1
4.2
15.6
41.8
8.3
27.4
95.4
2.6
4.0
1461.5
2.9
11.2
596.6
6.3
61.2
127.2
2.8
22.3
25.9
1.0
2.0
120.8
6.5
46.1
8373.9
8.6
31.3
3550.5
2.1
2.7
14.8
2.1
9.7
2168.5
2.7
19.4
120.2
2.7
14.7
1603.3
1.9
4.3
15.0
1.1
7.3
9.0
6.6
48.1
2568.6
4.3
17.7
3360.5
5.9
29.6
112.5
3.8
23.0
697.0
7.9
21.9
13809.4
1.1
5.5
307.1
7.3
58.5
102.9
6.9
47.9
1266.5
5.6
33.5
177.8
2.2
6.7
358.6
1.8
16.8
109.0
4.1
6.3
1484.8
8.8
85.4
1519.9
7.5
43.7
89.5
3.0
7.8
430.6
2.7
22.1
373.9
1.8
5.4
22.5
3.8
12.1
203.4
1.3
4.0
300.3
2.5
5.4
4373.5
1.2
4.6
30.9
1.8
6.1
18.4
1.8
8.7
16.4
9.7
33.0
21885.3
3.1
8.1
1714.0
1.3
11.3
931.6
3.7
13.2
74.2
3.1
27.2
183.8
3.8
19.4
166.2
4.0
35.4
1367.2
3.0
22.6
5115.8
7.2
61.2
87.2
1.1
4.2
80.8
2.4
15.9
356.3
9.9
73.1
22826.4
4.5
5.9
277.3
2.0
14.9
3954.3
1.3
13.0
410.8
1.3
12.2
415.1
7.3
63.4
99.6
5.6
32.3
123.2
1.1
4.2
2649.4
4.4
41.3
388.3
8.2
38.8
76.1
1.7
7.3
78.5
3.9
6.8
22.3
7.4
40.4
1521.8
1.1
9.6
88.4
4.6
18.7
59.5
4.1
17.8
442.8
3.6
9.1
20.1
1.1
3.5
6.7
1.7
5.5
1891.4
2.4
11.1
2941.1
2.4
20.5
733.2
9.4
85.8
104.3
1.1
6.1
100.3
1.5
11.3
169.5
1.9
7.4
582.2
1.5
9.9
117.0
2.0
18.4
56.9
1.1
5.9
30.6
5.7
24.0
3775.2
4.2
24.4
1412.9
8.4
49.2
76.2
3.9
31.7
5173.7
1.4
13.4
150.8
9.3
16.3
13682.6
2.0
5.7
4214.7
4.0
19.4
37.7
1.3
12.6
301.8
5.9
57.8
123.4
2.4
15.6
308.3
1.5
12.2
12.9
7.1
56.1
13388.1
2.4
23.3
92.6
3.8
12.0
1572.5
7.3
36.9
2988.4
1.3
6.4
541.1
1.1
3.3
13.7
5.1
18.3
2383.9
6.0
20.7
532.7
3.6
29.0
318.6
2.1
4.0
10.8
1.6
14.7
347.8
1.1
7.5
2017.8
3.3
8.7
93.7
3.8
35.4
2868.0
8.0
77.5
130.7
9.8
47.5
7397.6
1.4
3.4
8.9
3.3
15.4
3286.2
4.4
24.1
30.9
8.3
70.7
350.1
6.2
49.6
108.9
1.3
1.8
2740.4
9.4
72.1
1815.4
2.4
14.3
53.3
3.1
25.2
146.8
5.4
40.0
103.5
9.1
72.0
717.4
1.3
5.2
296.6
1.2
10.7
135.8
5.9
16.6
13745.2
1.0
5.4
73.4
4.3
15.1
36.6
1.1
1.6
760.3
3.3
13.5
732.4
4.7
29.1
59.4
1.4
6.0
143.7
3.6
18.8
3071.8
1.3
8.8
620.1
5.6
24.6
13346.1
7.3
33.3
10813.9
4.1
15.3
1835.8
2.0
10.6
19.5
1.2
7.4
1779.9
2.5
4.5
12.7
4.0
14.9
903.4
1.8
14.4
71.5
2.3
14.8
107.7
1.9
10.0
160.8
1.7
14.6
1622.1
1.4
3.1
37.5
3.9
18.1
288.1
8.8
29.4
117.3
1.1
1.7
19.7
4.5
8.0
982.1
2.3
19.1
41.9
2.9
19.8
2274.3
4.0
23.2
898.8
2.4
8.2
1156.7
4.0
22.3
1314.3
5.1
25.1
331.7
5.4
41.6
259.9
5.6
25.2
103.4
2.1
7.8
46.7
8.4
55.4
177.3
4.6
33.8
73.0
8.0
43.8
14814.5
2.0
3.3
61.6
2.1
11.0
4920.9
7.2
29.5
905.1
1.1
6.6
13.2
3.9
13.4
669.4
1.1
4.5
742.2
2.6
10.3
1541.1
1.7
5.0
143.4
1.8
7.4
143.3
3.4
20.6
74.2
1.3
3.0
9.5
8.0
55.8
88.6
1.0
6.6
8.5
9.4
11.7
4563.2
5.7
42.2
134.0
3.5
27.7
50.5
3.3
16.1
230.6
5.3
10.7
611.3
1.3
2.1
2106.8
1.4
6.4
2878.9
1.8
11.2
1731.3
1.4
13.0
27.8
7.5
25.2
14894.5
6.9
69.4
127.4
1.5
9.5
22.2
2.9
9.5
4541.6
1.3
7.0
932.4
3.2
24.2
4644.7
4.1
34.7
253.6
1.7
15.3
1934.4
2.5
24.8
243.2
2.5
23.8
850.8
1.1
6.9
405.1
7.0
61.3
1553.0
8.8
76.1
103.1
1.2
3.1
155.6
5.4
26.0
4366.5
7.9
43.5
135.8
2.0
3.5
131.9
9.2
73.0
17543.7
1.0
6.4
970.5
2.5
10.9
17.8
3.4
23.6
198.8
1.8
8.8
40.6
5.9
23.1
2284.8
6.8
40.9
13905.6
3.0
13.4
6361.4
5.9
20.8
55.9
7.3
20.1
9347.1
1.2
6.8
154.5
1.4
7.9
574.1
5.6
29.9
740.3
3.6
8.3
36.9
1.1
8.6
264.3
9.6
29.7
511.7
3.2
28.2
299.5
4.3
41.7
50.2
4.0
11.8
42.8
2.3
6.1
72.7
7.5
50.6
82.1
1.4
6.2
1112.0
3.5
21.7
221.1
1.3
7.6
36.8
4.2
39.9
5158.9
8.5
17.2
5120.4
1.6
14.2
92.9
5.4
8.6
842.6
1.5
12.9
483.5
1.6
11.5
2250.7
4.6
22.9
1605.4
9.7
76.6
242.4
2.0
9.1
33.1
1.6
15.0
109.8
6.5
47.8
682.8
5.7
14.2
65.5
4.5
43.7
60.5
6.7
26.9
54.9
4.2
5.3
211.6
5.5
41.3
161.6
6.4
61.6
4493.9
3.8
25.4
8554.7
1.2
9.2
297.2
1.1
5.4
48.4
9.0
29.6
15364.9
2.9
17.8
1380.0
9.5
27.1
12338.6
3.1
21.1
251.1
2.3
10.8
20.5
7.0
62.9
80.9
2.7
5.9
141.2
1.6
12.0
19.1
7.3
31.8
17322.8
2.4
13.5
110.7
2.8
13.7
19.2
1.9
13.2
342.1
2.1
3.2
491.5
5.3
42.9
63.2
1.5
5.6
347.5
1.4
4.6
2322.7
7.5
67.3
6795.3
1.1
8.6
10.8
1.9
14.2
1019.8
1.6
15.3
18.6
2.5
7.6
120.3
1.7
7.1
60.8
6.8
17.8
415.7
2.3
10.5
3768.7
9.3
22.3
1044.4
1.9
5.0
218.7
1.6
15.6
171.8
6.1
50.8
138.8
5.2
10.6
4348.6
3.3
9.3
2684.1
1.5
12.0
159.5
2.6
12.5
17.4
4.1
25.5
39.5
2.8
25.0
1503.6
3.1
28.5
6006.7
2.7
13.3
5668.1
1.2
7.0
43.2
5.5
36.0
2137.0
4.1
10.1
2368.1
7.6
52.8
2099.3
6.4
37.6
2280.7
1.0
9.7
102.1
1.4
4.2
3428.4
1.4
11.1
11.6
7.7
51.3
857.5
2.1
13.2
1666.2
1.0
6.7
2387.1
3.7
26.7
179.4
9.5
71.3
5802.8
5.0
35.6
1228.8
2.1
9.3
806.4
1.9
7.1
13.6
4.9
14.5
34.9
4.9
33.3
2136.5
9.7
44.2
7376.6
4.2
21.6
4322.9
7.8
56.3
5124.6
1.7
7.1
149.8
3.2
13.3
110.1
1.3
9.6
10.6
3.2
31.5
111.4
1.9
5.8
27.9
2.9
25.4
362.4
7.5
43.7
74.6
2.2
6.8
210.0
3.1
30.6
4031.1
7.2
35.3
1846.6
3.4
14.4
182.1
4.4
19.8
505.5
9.2
72.9
81.7
2.7
15.6
18.7
4.2
28.1
574.4
1.8
8.3
13.6
2.3
19.9
26.4
1.5
10.8
459.7
3.3
24.4
779.6
3.0
20.4
37.5
4.5
11.6
399.5
5.8
10.2
1394.4
1.1
6.5
1266.9
1.1
4.5
31.7
4.7
27.3
1494.1
4.2
15.1
584.7
1.7
3.9
13.6
9.1
50.6
4658.5
1.8
5.4
177.3
1.2
6.9
599.3
4.1
29.9
6908.8
5.4
11.1
42.1
6.5
25.0
156.9
5.4
31.2
51.3
4.7
36.2
5893.1
2.2
17.4
32.6
1.3
6.8
1830.6
2.2
8.2
25.6
1.5
10.0
84.2
1.1
7.8
10.5
9.2
43.6
19007.3
7.0
65.9
4027.0
5.7
24.9
230.2
3.1
3.9
7519.9
6.0
18.3
1222.3
2.5
7.7
82.3
4.5
38.1
44.7
1.7
11.6
519.2
4.4
42.7
495.9
1.7
8.5
181.1
1.1
2.9
201.0
5.5
15.0
2288.0
6.7
32.8
379.9
1.1
6.3
16.9
5.4
54.2
9100.9
5.8
15.6
799.9
1.4
6.4
222.9
2.5
7.5
1637.8
2.8
15.8
64.0
4.9
43.2
72.5
6.6
37.4
327.7
6.2
58.5
4710.6
7.3
39.7
5602.3
1.7
10.3
121.6
4.0
31.7
32.0
1.7
13.0
299.6
5.8
24.1
9655.7
6.2
20.7
245.6
9.9
58.9
222.4
2.7
7.2
1996.9
1.3
7.6
216.9
5.4
19.7
88.5
3.5
16.8
41.8
3.8
23.5
650.6
8.7
11.6
363.9
5.7
20.0
2654.0
2.3
23.0
72.3
6.8
21.7
15110.8
2.5
15.2
90.2
6.2
24.2
15500.5
3.8
25.9
114.0
7.5
35.1
17758.8
9.8
81.8
96.3
3.7
19.1
124.7
2.3
5.3
34.4
1.3
9.6
771.7
1.4
5.1
9.5
9.4
46.1
137.3
3.2
9.9
34.6
1.2
2.4
64.4
5.2
40.9
2073.2
1.4
7.3
101.2
2.1
6.6
184.1
6.5
30.5
6470.5
5.2
9.8
131.1
1.9
8.1
574.5
10.0
73.8
400.0
3.8
36.5
1249.1
2.0
4.0
44.0
1.8
16.9
686.5
4.0
21.3
36.0
1.6
6.7
125.4
1.3
2.5
926.9
2.3
13.7
17.8
2.1
15.9
48.4
5.5
49.2
266.8
9.1
18.3
7383.7
1.5
13.9
12.8
2.0
15.1
3447.3
1.4
2.5
946.8
5.6
36.7
718.9
2.3
20.0
187.2
3.8
15.2
5832.6
4.2
15.6
882.6
1.1
2.4
1686.9
2.4
13.2
968.9
8.5
30.4
274.7
4.6
36.1
69.7
1.3
3.0
184.6
3.9
22.1
2910.5
2.0
15.6
3476.8
8.4
56.4
14866.9
3.4
12.8
342.5
1.5
14.6
120.5
1.8
2.5
2125.2
1.7
7.6
1197.2
3.9
16.9
9455.2
3.8
31.0
690.3
2.4
4.6
2484.1
2.0
17.3
136.6
1.4
4.4
300.4
1.8
12.8
35.4
8.1
60.8
263.9
1.9
2.5
1070.8
2.4
3.1
513.9
1.1
9.7
1761.6
3.7
7.2
74.8
2.6
13.7
171.0
6.6
58.5
7235.9
7.4
31.6
1085.7
8.6
41.6
179.2
6.0
15.5
5947.0
1.1
8.5
170.6
1.1
2.1
722.9
3.2
15.9
40.9
2.1
2.6
1174.3
2.1
9.5
2242.9
4.3
8.8
89.3
1.3
1.9
11.0
6.5
60.5
1781.6
4.0
24.8
72.2
1.5
6.8
843.8
4.1
21.6
935.8
7.3
59.1
2724.1
6.7
33.3
112.5
8.9
55.2
11939.2
9.5
94.3
16499.9
1.8
12.3
283.5
2.7
20.6
42.8
1.2
8.8
121.7
3.1
16.9
32.4
2.4
23.0
548.4
3.4
9.3
417.1
6.7
39.3
89.2
6.2
49.9
336.5
1.3
7.9
694.7
1.5
12.6
142.9
1.2
11.4
110.9
5.9
36.9
1951.8
2.4
11.4
16.8
7.1
46.9
341.9
2.7
10.9
37.8
2.3
4.0
33.7
6.1
39.6
120.4
5.8
39.3
589.5
6.9
10.3
937.0
1.3
9.4
10.0
5.6
52.7
1172.8
4.4
6.9
46.7
1.4
13.0
19.3
3.3
24.3
132.3
1.3
5.2
15.4
1.4
2.2
733.8
7.5
15.3
52.1
8.8
24.6
3216.0
2.5
6.7
46.5
1.0
7.4
61.1
2.3
14.7
5362.9
8.1
64.4
5645.1
1.3
6.9
11.3
9.2
54.7
304.1
7.8
44.5
2999.5
5.3
41.3
6556.7
2.0
11.6
139.7
5.2
43.5
355.2
7.4
58.4
429.8
2.2
17.8
869.9
1.7
16.9
34.0
1.8
10.7
3047.8
2.6
9.5
165.2
1.5
2.8
963.7
5.3
27.9
4476.7
3.8
15.9
335.4
2.9
10.3
523.7
4.3
32.8
314.2
2.7
10.6
1707.3
3.1
20.3
1391.3
7.1
66.0
111.9
9.1
85.9
14004.9
5.2
22.1
77.5
2.7
19.5
24.2
5.6
51.3
227.3
2.8
6.0
530.9
1.6
10.0
13.0
1.8
4.9
1468.3
4.2
29.2
475.4
2.1
3.5
1433.4
1.0
1.8
2023.1
6.2
19.5
329.8
1.3
6.6
413.2
3.2
17.1
58.3
3.2
25.5
915.8
1.3
3.1
1560.2
1.2
9.6
121.3
1.5
4.5
127.0
1.6
14.2
1409.2
7.0
49.3
7536.6
8.5
34.3
8574.5
8.7
14.3
877.3
1.8
9.6
82.6
1.4
10.5
52.0
6.3
48.4
4440.9
3.1
17.8
55.7
2.0
18.8
1249.6
3.1
16.2
3402.3
4.4
41.1
748.7
6.2
33.3
2332.2
3.7
19.2
69.5
4.5
7.1
7536.1
5.9
21.1
183.3
6.9
33.9
1450.9
2.9
6.5
656.1
2.1
2.7
174.1
8.4
26.3
6383.6
2.6
21.5
59.5
2.7
8.0
29.9
4.3
36.8
2897.3
4.7
43.1
51.9
5.1
47.8
221.0
2.2
5.9
359.4
1.0
2.0
105.7
1.2
4.2
40.4
5.3
47.4
86.2
2.1
16.5
2437.1
5.8
50.7
101.7
3.6
13.5
600.5
1.9
7.8
228.4
1.7
8.9
34.9
7.8
34.2
3480.0
2.8
15.9
291.5
1.6
3.7
21.1
6.0
18.9
7775.2
10.0
70.2
5344.0
9.5
85.6
4213.9
1.5
11.1
33.3
8.7
27.7
1801.2
4.1
21.8
281.7
1.2
3.9
20.4
1.6
8.9
62.9
3.7
5.6
40.0
1.6
15.5
31.7
1.1
2.8
305.5
7.1
26.1
455.7
9.0
87.6
920.9
6.2
55.0
4379.5
2.2
3.2
269.4
1.2
4.6
25.8
1.4
10.9
2956.8
2.5
6.6
28.1
3.2
28.5
1349.8
1.7
15.6
3940.9
2.1
10.6
1584.0
1.6
14.4
209.1
4.5
24.2
7333.6
1.0
4.8
13.7
1.2
5.2
32.3
2.9
14.4
855.2
4.4
31.6
104.5
1.4
5.3
2909.6
1.8
8.5
1772.0
1.2
7.6
30.8
1.7
9.3
152.6
3.2
24.9
7803.6
6.6
65.1
13891.3
7.7
68.8
1273.1
2.8
21.6
75.0
1.3
10.5
484.9
4.1
37.0
3206.9
1.2
1.5
56.6
2.3
21.5
27.5
1.3
6.1
11.9
3.4
20.2
104.7
1.4
8.4
85.2
3.0
8.1
19.9
4.6
9.2
578.7
7.3
41.6
212.7
3.1
25.3
500.2
1.5
9.7
3278.2
2.3
8.7
29.4
3.6
14.7
1405.1
8.7
40.7
7201.3
3.3
12.8
7760.3
1.6
6.7
1249.5
3.4
19.2
777.3
1.0
7.9
10.3
2.2
3.9
55.6
2.3
6.5
861.8
5.1
39.7
7200.0
6.5
32.4
530.2
3.0
7.4
876.0
1.2
7.4
579.3
5.8
22.5
2088.0
8.7
44.6
738.9
4.8
28.1
6827.0
1.6
10.6
1010.3
3.9
9.4
3215.1
3.1
5.8
854.0
2.5
15.4
1410.3
2.9
23.0
390.1
9.6
26.8
1696.3
1.1
4.3
515.4
2.9
12.9
139.8
1.0
10.1
66.7
5.4
14.5
55.7
7.0
53.3
84.3
1.7
15.0
23.6
1.8
8.7
115.9
2.6
7.2
22.5
3.5
33.4
46.3
2.2
3.8
105.7
3.9
31.2
85.6
4.0
20.9
1239.1
2.6
10.2
107.8
8.9
14.6
19004.7
4.5
28.2
6559.2
4.4
5.7
1066.8
3.7
35.3
1196.2
5.1
42.0
195.4
9.0
38.2
9985.1
2.0
3.0
3210.0
8.5
64.9
342.2
1.4
1.8
8.1
1.1
5.9
130.2
9.3
43.6
416.7
3.2
8.1
1058.0
8.3
74.3
102.9
1.1
6.3
100.6
5.8
23.5
12783.9
1.2
9.5
95.6
4.8
39.0
6773.1
3.4
26.8
47.8
5.7
42.6
310.2
2.0
6.7
51.8
4.5
13.2
32.9
1.1
1.5
136.1
1.1
5.0
10.9
3.1
23.5
6363.0
1.1
3.4
9.7
3.0
11.7
78.6
3.7
28.9
112.3
1.0
7.5
314.2
9.8
77.5
184.9
5.5
28.4
67.0
3.5
21.0
37.4
1.5
14.7
108.7
5.4
31.4
4675.0
1.9
4.9
86.5
1.1
10.0
2061.6
5.6
13.6
1118.1
1.3
6.1
206.2
1.4
2.8
10.3
8.7
18.9
298.6
1.0
4.6
119.2
1.7
2.8
340.3
1.4
2.0
23.6
6.7
26.2
1685.0
2.0
3.2
100.8
6.4
36.4
221.0
2.9
7.0
417.0
1.5
7.6
1430.6
1.2
2.7
13.6
1.8
13.8
220.1
1.7
12.2
14.2
1.3
10.6
240.3
4.5
10.6
2457.0
1.1
4.1
310.7
5.6
10.6
10646.3
8.5
32.4
54.8
1.1
2.1
839.4
7.2
44.7
897.0
4.2
9.8
57.4
4.0
11.6
46.3
1.7
15.9
1247.7
4.9
40.9
2114.2
1.6
4.3
32.7
8.3
50.4
1341.3
8.3
18.9
2876.1
8.6
17.5
4187.5
4.8
38.8
1998.0
1.0
3.6
1814.5
1.4
11.8
12.0
2.0
16.8
627.6
1.2
8.6
915.7
6.2
12.5
6548.7
2.1
18.1
18.0
1.7
10.7
210.4
7.1
11.2
1046.8
1.0
5.4
885.2
2.5
24.6
35.3
1.3
9.0
23.7
7.4
24.9
69.6
1.0
7.9
67.5
1.3
12.2
643.3
2.5
10.9
37.0
8.0
61.8
177.4
2.3
21.3
163.6
2.5
21.7
2924.2
2.8
15.7
1488.1
1.7
3.1
122.2
3.9
19.2
109.2
1.1
8.2
21.2
1.0
4.3
9.1
1.3
9.7
881.4
1.2
4.0
44.7
7.8
58.8
7617.4
3.5
10.1
136.1
3.3
25.7
74.4
1.2
10.4
1888.5
8.3
34.7
2235.0
1.3
6.5
2391.8
2.1
16.6
29.7
1.4
14.0
12.9
1.7
10.2
429.9
3.4
23.4
4202.1
7.0
28.7
4962.8
3.3
21.6
25.7
2.6
16.4
3884.0
3.2
26.7
758.2
3.4
15.8
3340.6
5.4
10.8
407.6
1.1
8.9
99.3
3.7
16.3
402.0
8.4
81.7
7768.3
3.2
12.7
2628.3
3.6
34.2
5671.6
4.1
31.3
2560.7
4.7
22.9
1278.9
4.5
20.3
3122.7
9.5
56.9
594.1
1.2
8.8
35.4
1.4
3.0
1253.2
3.2
4.8
315.5
1.0
8.5
8.7
1.0
2.9
63.5
1.7
4.0
1354.2
1.6
12.7
248.7
4.4
10.8
177.8
3.7
24.1
3149.4
5.5
35.7
1390.8
2.3
12.1
236.3
8.6
76.8
18922.7
1.7
15.7
113.5
3.3
16.4
323.4
6.0
23.5
43.1
6.3
62.0
2113.9
2.9
27.9
50.9
6.2
15.5
39.9
2.4
13.5
1018.5
2.0
3.1
156.7
2.5
14.1
684.7
6.4
9.6
41.9
1.4
7.5
2353.1
1.3
5.7
1699.2
7.1
62.9
1092.1
4.6
14.6
292.6
5.6
17.5
154.0
3.5
23.0
4099.0
8.9
32.8
315.0
3.0
27.8
5023.2
2.5
24.5
2688.7
2.6
24.3
33.4
2.1
19.0
4813.7
9.0
85.6
1007.2
2.0
8.6
3307.9
3.4
23.9
30.9
8.3
32.6
1906.3
6.8
22.2
2179.3
6.9
65.6
948.7
3.1
15.8
84.1
3.9
22.3
33.6
1.2
11.7
152.5
3.3
30.4
31.3
1.9
16.1
120.5
2.6
15.7
148.1
2.5
14.9
560.1
1.1
9.3
9.6
1.3
6.4
280.9
9.0
64.5
1845.7
5.3
44.1
62.7
1.7
10.4
13.1
1.0
6.3
519.0
1.6
14.2
19.8
1.5
4.9
10.0
1.6
4.0
186.6
1.8
5.9
276.5
1.1
8.3
1517.7
7.0
62.2
3132.5
5.3
43.8
9200.6
6.2
37.7
576.3
2.6
11.7
362.0
9.4
20.9
550.4
9.8
19.5
6111.4
2.1
13.7
127.1
1.1
5.0
107.7
5.8
46.1
9933.8
2.2
3.1
25.6
1.4
5.7
15.2
4.1
11.3
345.1
3.8
23.2
430.0
5.2
13.8
100.0
3.2
4.1
666.8
2.3
7.0
983.5
2.8
25.8
41.3
4.8
34.2
4922.6
6.8
26.3
71.5
5.9
55.0
1081.8
1.4
2.8
669.8
6.2
8.6
44.5
1.6
8.8
33.1
1.3
11.0
111.3
1.1
11.1
57.9
1.9
7.1
233.2
2.8
7.6
4030.8
1.8
12.7
437.5
4.8
42.2
88.1
2.4
17.1
73.4
2.7
11.8
322.1
2.4
12.2
215.0
3.6
11.7
3700.5
7.4
66.7
18094.2
6.4
19.7
4891.6
2.1
16.3
4551.0
2.0
10.9
75.8
3.0
20.7
119.4
3.1
4.0
16.4
1.4
5.8
3059.8
4.5
41.8
7096.1
8.6
74.5
1020.0
5.9
39.8
11315.8
2.0
5.6
52.1
2.4
21.5
28.9
3.7
14.1
1383.9
9.6
42.9
486.2
6.6
60.7
3093.5
3.1
14.9
143.3
1.8
15.3
292.2
3.9
20.8
1977.7
4.2
36.2
3231.2
3.0
21.3
519.3
5.5
33.2
829.6
2.8
25.9
225.5
1.1
8.8
9.1
1.3
2.3
32.5
9.2
12.9
1135.5
3.9
6.1
176.9
7.6
13.1
2986.6
1.4
9.7
3139.0
2.8
26.3
1270.6
1.4
8.8
67.9
1.9
8.6
275.7
8.9
28.5
108.0
2.0
3.7
396.5
1.2
11.2
966.8
1.4
5.7
8.7
9.4
79.7
2555.3
5.5
44.1
303.2
2.2
2.8
678.7
1.4
6.7
394.7
4.1
20.4
647.3
2.2
20.7
27.9
9.7
58.1
2357.1
8.4
77.7
1606.7
4.8
45.9
263.8
3.3
30.2
6811.1
1.9
18.1
192.6
7.8
55.8
2402.3
4.3
19.5
8475.8
1.3
6.7
8.7
1.9
4.4
1910.4
1.1
4.9
67.7
1.5
3.8
768.2
5.1
25.6
45.0
3.2
23.6
354.5
8.6
79.2
3497.0
1.5
9.0
2337.9
2.3
14.5
1710.7
3.8
7.8
1189.4
4.8
19.8
385.4
3.5
12.4
33.2
1.5
9.6
15.0
9.8
32.8
2252.3
4.1
24.4
108.5
3.3
23.1
2094.7
4.8
44.7
265.4
4.9
24.6
61.1
8.2
22.1
13597.0
8.1
30.2
49.3
3.6
32.3
40.2
6.4
14.1
3572.5
1.2
3.3
225.4
1.9
17.1
4505.5
5.8
49.0
311.9
1.9
2.6
35.6
1.1
8.7
2399.4
6.2
43.0
149.2
4.3
37.2
515.9
4.0
31.7
512.9
3.1
27.1
119.6
7.6
60.3
113.6
1.8
11.2
180.6
6.8
17.7
972.2
1.6
13.7
154.6
6.6
58.5
339.9
4.4
17.4
5421.8
2.6
21.7
62.4
3.7
7.7
377.4
6.8
23.7
43.6
1.7
14.3
112.1
1.2
6.3
2238.4
3.5
18.0
63.3
1.3
6.2
952.9
8.1
12.9
2436.2
4.5
39.7
659.1
3.1
24.4
601.9
1.6
4.6
152.0
3.4
18.8
370.8
3.2
27.9
54.2
1.4
6.6
93.2
7.8
21.7
1031.9
3.5
13.8
346.1
5.3
28.4
75.2
5.0
15.9
5053.8
1.6
15.8
4004.4
7.6
29.4
59.7
3.1
11.8
3112.2
5.9
48.3
13479.5
8.3
56.9
384.0
1.8
7.2
326.0
1.8
9.4
85.1
2.8
20.9
187.5
1.3
3.7
547.4
2.8
26.4
2250.7
9.9
57.0
11247.8
1.5
8.7
618.5
1.4
12.8
586.8
7.6
72.6
17426.2
2.4
3.5
74.7
5.7
43.5
4416.4
2.3
15.3
66.3
3.0
7.0
5164.6
7.7
71.9
3657.7
5.1
21.3
118.8
4.0
10.4
1948.8
2.2
20.2
28.6
8.9
33.4
367.4
1.3
4.4
8.1
6.5
58.0
194.9
1.6
11.2
18.1
1.3
2.3
11.7
3.5
14.0
282.6
7.5
25.7
64.1
4.1
21.9
3731.5
1.7
10.1
1915.2
2.1
9.5
26.1
1.1
9.8
14.9
4.3
19.0
224.7
1.7
10.1
294.3
3.7
15.6
30.9
3.8
10.1
54.1
2.0
13.8
26.5
6.1
48.5
4631.1
1.2
2.5
44.6
4.2
26.4
6179.4
1.8
16.1
3599.9
1.4
7.4
20.1
7.6
70.1
423.5
10.0
33.4
523.4
1.5
5.7
268.5
9.4
75.6
684.8
1.0
10.0
258.5
9.7
53.2
1009.7
2.9
20.4
501.3
1.1
4.7
11.9
4.2
35.3
126.2
2.0
5.1
330.4
2.3
17.0
519.1
2.3
7.7
130.0
5.6
13.3
1441.2
8.0
37.8
428.0
2.4
8.0
1633.1
7.4
52.2
149.0
1.1
10.0
866.6
4.8
42.2
42.6
1.9
6.2
1650.6
2.6
23.0
66.8
6.2
49.7
54.3
2.3
12.6
889.5
2.1
12.8
19.2
7.8
19.1
60.0
3.5
24.6
295.1
2.3
6.6
2447.4
2.3
10.1
847.3
3.2
9.3
7963.8
2.3
5.4
96.6
1.7
2.2
170.6
5.5
11.4
332.5
2.0
12.8
130.7
3.3
21.5
2686.4
6.6
52.7
471.0
1.1
1.6
438.0
2.7
22.7
1156.8
3.4
13.1
2794.7
4.5
25.5
3226.8
5.6
50.1
1764.8
2.8
5.9
22.4
1.5
10.6
490.3
1.7
10.0
3001.2
2.4
10.5
3777.8
1.4
8.1
100.2
1.4
7.6
33.4
1.5
3.6
191.9
9.9
27.3
719.3
2.7
20.2
519.4
1.5
11.3
466.0
4.0
22.7
1990.6
3.3
4.5
777.9
7.3
34.2
139.9
5.1
38.4
245.6
4.2
10.9
765.4
1.9
8.3
231.6
5.3
33.7
7046.7
1.0
1.4
10.7
4.7
31.7
144.8
8.2
15.4
13374.8
1.2
2.1
919.0
2.1
8.8
182.7
6.9
66.6
377.0
4.3
26.3
1693.4
7.9
26.1
876.8
8.0
30.3
2103.4
6.3
46.0
927.6
1.8
12.0
27.3
3.2
24.4
29.3
5.0
29.1
1394.4
2.0
16.8
1487.4
7.6
74.6
114.0
6.9
34.7
1198.0
3.7
30.3
1397.4
6.8
43.4
12086.9
4.0
13.2
2394.1
6.0
59.0
4950.8
8.1
36.2
660.1
9.2
32.5
518.9
4.9
8.9
3408.2
7.4
62.7
3473.0
1.3
9.7
2642.2
8.6
86.2
178.9
2.2
17.8
1121.9
8.0
30.4
6179.3
3.9
33.1
348.9
1.2
11.8
315.0
8.2
27.0
264.9
4.0
28.0
167.3
2.5
11.0
1012.2
8.2
37.1
74.0
9.0
32.3
739.5
3.9
34.2
34.0
6.0
36.0
6973.7
1.3
9.8
301.1
9.0
17.7
4954.8
2.0
6.5
896.9
8.2
81.1
476.6
1.1
3.6
11.5
8.1
28.4
262.6
2.1
16.5
49.8
2.5
21.9
65.0
7.4
38.7
4253.2
2.1
17.9
22.1
1.4
4.7
81.1
1.1
9.7
9.5
1.8
16.8
2527.1
1.2
11.4
2158.8
8.9
24.2
11710.0
1.5
2.5
704.2
4.5
16.8
5531.9
5.0
32.2
176.4
9.3
34.8
319.2
4.2
35.6
1629.1
5.0
19.3
29.7
7.4
71.8
1600.5
3.4
5.6
151.1
1.1
8.3
8.9
5.9
36.8
1367.4
4.8
36.7
123.4
2.9
6.6
28.3
6.7
47.3
177.7
2.6
17.8
24.9
6.1
40.7
336.2
1.2
9.5
689.1
6.7
21.9
9600.0
2.8
14.0
5495.6
2.4
9.9
4319.4
6.5
35.8
50.7
1.2
4.1
16.4
6.3
45.9
120.2
1.1
2.0
54.6
3.5
12.1
35.3
5.0
35.0
310.4
1.6
9.0
13.2
2.9
6.4
1410.3
4.0
24.4
3168.1
7.0
9.5
125.4
2.0
19.3
79.5
7.7
44.7
406.8
2.9
22.1
2053.5
9.5
75.9
6922.6
3.2
14.2
770.9
2.5
19.6
1484.7
1.5
9.7
1848.7
3.5
16.4
46.2
5.1
17.0
681.8
1.2
7.0
457.7
6.6
56.5
1557.6
3.6
14.4
49.9
6.5
34.8
1060.8
1.6
9.3
130.9
2.8
16.5
36.5
3.9
7.4
121.7
1.4
10.1
1299.6
5.8
9.6
76.8
3.9
32.4
2090.0
2.6
5.5
13.3
5.8
44.8
157.9
1.1
3.3
230.5
3.0
22.9
585.3
5.5
44.2
206.2
3.0
26.2
64.5
2.2
21.8
28.5
9.2
43.4
66.9
2.2
18.7
31.2
9.4
61.1
74.6
2.4
7.7
101.2
7.0
38.9
126.8
1.8
3.5
229.2
2.6
24.1
36.8
5.9
34.2
139.5
2.0
18.5
1047.6
7.1
61.9
113.5
2.8
9.5
729.7
7.3
61.1
125.4
2.3
16.4
125.1
1.6
16.1
45.5
3.8
7.1
748.2
5.8
36.2
885.6
6.6
51.2
4872.6
5.6
44.5
1197.3
3.5
7.2
174.4
1.1
4.2
8.8
1.3
4.6
26.4
1.7
3.9
26.0
1.3
10.4
2406.2
1.2
8.0
440.4
9.7
74.3
5541.8
3.5
22.7
50.9
3.1
14.5
1730.7
2.6
5.6
466.4
3.3
4.3
44.5
1.4
12.6
1903.3
5.8
29.1
71.5
1.6
7.6
835.4
3.6
20.5
3989.3
7.9
37.3
63.0
1.4
12.2
17.8
5.3
36.4
1325.8
1.7
13.8
111.9
1.7
6.7
51.4
2.4
21.9
455.3
2.1
5.4
1443.4
1.9
11.1
173.0
5.5
35.6
123.7
9.0
89.8
309.7
1.2
4.7
15.5
1.2
5.4
407.4
6.3
17.3
4176.6
1.1
8.7
16.4
8.7
16.0
95.5
4.2
13.2
847.5
1.3
12.4
15.4
2.5
7.7
47.8
2.2
9.8
20.6
1.6
7.6
751.8
6.5
61.9
246.3
1.0
7.0
712.0
5.2
41.7
5498.1
1.6
14.7
678.7
2.1
11.8
1352.1
2.4
15.0
873.2
6.0
40.7
68.1
1.9
18.3
61.2
9.1
27.6
59.9
5.8
54.8
161.1
1.2
3.2
52.5
1.1
10.4
92.3
2.5
16.0
1243.5
6.0
47.1
7352.5
1.6
9.9
61.1
2.9
10.5
238.6
6.4
33.5
489.8
3.3
31.9
92.5
1.4
5.5
9.9
2.8
25.7
33.5
3.5
11.1
40.2
1.3
8.0
2072.5
1.4
12.1
2557.7
7.9
26.3
1993.7
3.9
34.7
802.9
5.7
35.1
1032.0
2.0
9.5
1397.6
8.5
25.8
1031.8
9.0
83.2
319.4
2.0
7.3
24.8
2.8
12.4
549.8
4.4
22.5
185.9
4.1
21.5
488.2
1.6
5.5
812.0
4.9
36.2
52.8
5.5
6.9
4144.1
3.4
8.1
1642.9
3.2
26.2
108.1
6.5
23.8
213.3
3.1
24.6
68.7
2.9
15.8
248.5
1.3
10.8
150.1
2.0
5.3
485.4
4.6
31.4
170.8
5.7
10.8
639.3
2.2
11.1
20.7
8.7
79.4
174.7
2.5
11.9
2186.0
2.0
19.0
17.7
1.9
13.3
933.1
3.8
22.5
1197.4
2.6
18.1
4933.1
2.1
7.0
31.4
1.4
7.9
895.5
4.0
13.6
111.6
1.2
3.7
233.3
9.8
73.0
4644.8
1.0
1.7
6.0
9.7
87.3
1047.7
1.2
9.6
10.7
5.8
44.1
50.3
5.1
38.5
1175.2
1.7
9.0
1564.1
1.1
4.0
27.1
3.2
19.5
254.4
3.8
35.0
600.2
6.5
12.7
52.1
2.1
10.8
371.4
3.6
24.0
97.9
1.5
3.9
2329.0
8.0
62.3
1217.0
5.9
58.0
2941.2
3.8
14.5
28.7
2.0
18.1
23.9
2.8
11.6
736.0
6.9
15.8
2025.2
1.1
6.2
1510.5
7.5
16.3
17372.6
2.3
11.3
33.2
2.3
17.1
477.6
4.5
41.8
128.2
5.8
38.2
8607.6
4.0
37.1
1505.0
4.2
9.3
772.5
1.8
4.1
130.1
1.0
5.9
2501.6
3.5
9.4
3869.2
5.2
31.3
548.9
2.5
17.8
157.6
8.4
62.6
6616.7
1.1
9.1
353.7
4.0
7.2
21.7
1.4
2.6
68.3
2.7
5.4
3005.8
8.3
64.2
477.7
5.0
15.4
638.5
9.2
86.1
3199.2
4.5
15.6
156.9
4.2
37.7
4454.5
6.7
47.0
15684.9
1.2
4.0
48.9
2.9
11.4
81.1
4.1
17.2
3302.3
1.7
9.9
65.2
10.0
16.6
10783.1
2.4
20.9
36.8
1.2
4.7
54.0
2.5
3.4
30.6
3.2
31.3
5756.8
1.1
8.7
32.2
8.1
44.0
245.7
4.7
33.1
148.8
4.7
20.5
37.9
3.5
26.1
2063.1
7.6
14.3
18087.6
2.6
24.5
526.3
5.5
54.6
11379.6
6.6
35.5
793.9
2.3
18.5
45.4
6.2
15.1
1914.7
1.6
5.0
27.9
1.2
2.2
16.0
4.5
30.2
335.3
4.4
27.6
2468.0
2.8
21.9
1198.0
1.8
13.3
235.6
3.1
28.0
3191.1
1.0
9.4
1135.3
6.0
53.8
12457.1
2.3
15.0
321.8
3.6
13.3
1427.6
9.4
85.6
1353.8
3.3
14.1
81.5
1.5
14.3
2720.2
2.6
16.5
648.1
7.7
66.1
84.0
1.3
8.9
322.2
1.1
6.7
63.3
3.4
6.2
52.8
1.2
6.5
12.7
4.8
20.4
2155.6
9.9
86.9
23405.5
7.3
52.6
140.5
4.9
8.8
218.5
5.3
21.7
131.5
7.1
68.6
5621.2
3.4
10.5
3049.5
4.6
43.7
1244.1
3.2
4.0
1479.1
5.6
52.3
173.3
2.3
11.3
243.9
3.5
18.3
551.2
1.3
1.9
338.4
6.2
10.4
37.5
1.7
12.2
21.0
3.0
28.7
835.3
6.4
52.8
562.2
7.1
49.7
324.8
9.3
34.1
87.7
4.9
40.0
110.2
7.9
45.5
344.5
2.1
5.3
845.2
1.4
4.9
51.1
5.1
41.5
2246.8
1.5
11.7
21.5
7.7
51.1
65.1
1.7
6.9
57.1
1.5
5.2
1201.2
3.0
20.3
149.6
9.1
60.4
320.0
2.9
28.8
1562.6
1.4
6.3
13.1
1.2
6.6
767.1
3.1
22.0
216.1
7.7
70.7
15784.2
5.8
21.9
672.8
1.8
9.1
2418.7
1.9
14.3
2258.3
4.2
34.6
744.2
5.2
18.7
2413.1
4.6
40.8
601.9
2.9
27.9
49.5
1.4
3.6
7.6
2.3
18.0
947.0
1.5
10.7
223.2
3.3
5.9
1754.3
1.4
7.2
1439.3
2.8
22.3
23.9
1.4
9.5
25.3
1.8
12.3
40.3
5.9
46.9
48.5
6.2
52.3
245.8
5.8
32.7
121.8
2.3
18.0
34.7
2.0
5.9
136.8
9.3
52.7
4639.2
2.0
13.1
40.8
1.1
4.1
778.4
1.8
12.1
17.4
5.4
51.5
142.0
6.1
51.7
13882.6
1.3
10.1
410.2
3.8
34.8
33.3
2.0
4.2
16.7
1.4
7.2
391.4
2.3
10.3
50.2
2.2
5.8
69.2
3.8
19.3
1083.7
9.8
77.2
158.4
3.5
27.5
354.0
8.7
18.7
74.1
5.1
18.5
9698.1
8.6
53.7
225.2
2.6
13.5
19.4
1.7
12.0
41.0
6.1
40.3
58.2
9.4
44.2
4890.4
3.7
22.0
66.1
1.4
4.9
140.5
3.1
5.1
7160.0
3.6
13.9
898.9
1.2
1.6
171.1
2.9
21.0
309.0
1.1
8.9
145.7
1.5
7.3
148.2
1.0
7.9
1737.0
3.2
22.3
39.2
2.5
4.4
516.0
1.1
5.3
1520.9
1.2
10.5
1240.4
2.3
22.1
647.9
4.8
39.9
57.9
6.9
39.9
99.3
1.7
12.6
21.9
1.5
2.6
593.3
6.2
43.0
1003.8
2.0
18.6
59.8
6.2
47.0
3627.2
7.1
53.7
774.4
4.5
7.9
899.6
1.8
4.3
3361.8
2.9
22.3
1546.5
8.4
11.2
9858.5
3.5
13.2
3966.8
2.9
21.8
99.7
9.5
40.0
425.8
1.5
3.6
1985.4
4.9
42.5
6729.1
3.9
14.4
5408.4
9.1
48.2
79.7
2.2
4.6
22.1
1.3
11.8
2391.0
3.0
28.0
1273.5
1.7
10.7
319.3
6.9
33.9
2132.0
1.2
10.8
63.1
3.5
29.8
113.2
3.6
19.7
28.5
3.6
32.8
3025.7
2.0
7.1
22.2
8.5
61.7
87.0
5.6
36.6
3766.0
7.5
67.2
366.7
2.4
23.5
106.3
9.4
68.6
519.9
6.2
13.1
31.9
3.4
9.5
780.5
1.8
4.7
2616.2
7.1
41.0
91.6
2.0
6.9
1344.6
1.1
2.1
441.4
4.5
6.4
1925.6
9.8
97.7
252.2
1.3
11.3
27.6
3.6
19.8
31.2
4.6
6.3
4448.3
8.2
52.7
117.6
1.3
4.4
491.4
2.9
14.3
666.5
1.5
7.4
26.3
7.3
54.1
76.3
4.9
12.1
3437.6
3.6
33.3
35.5
8.0
52.1
415.3
2.1
13.7
91.0
5.7
33.8
41.5
2.3
18.9
2992.1
2.2
11.7
918.6
4.3
21.4
9474.2
1.6
13.1
158.0
4.0
25.9
48.1
3.5
8.2
20.3
1.1
8.5
45.4
8.9
37.7
22224.5
3.7
21.3
301.2
3.0
21.1
194.6
3.4
17.9
3726.7
1.4
1.9
11.4
9.9
86.1
385.5
1.3
10.2
682.2
4.2
6.7
26.1
1.6
7.9
286.4
2.7
25.3
42.4
2.5
4.8
418.8
2.7
4.7
21.0
4.2
18.2
957.8
1.1
4.7
12.4
1.7
9.6
15.3
3.4
17.0
44.5
1.1
7.4
14.4
7.0
61.9
15486.7
5.7
13.1
603.4
4.8
9.0
28.4
7.1
45.8
120.6
2.2
16.7
189.2
4.7
18.1
119.6
5.3
26.4
6458.1
5.2
8.0
893.4
6.8
55.9
102.8
2.2
17.4
67.5
1.7
3.8
1735.8
1.2
9.3
272.6
1.2
10.7
622.0
1.3
7.6
116.4
1.4
11.7
29.5
2.7
5.7
723.6
1.3
10.9
256.2
5.8
21.7
47.3
1.5
2.4
9.4
4.2
6.3
63.4
5.6
25.5
59.3
5.1
41.1
7878.8
2.3
10.6
294.8
2.6
22.0
452.9
3.1
26.2
35.3
3.8
25.9
40.2
2.6
10.0
125.1
4.7
24.6
747.6
1.9
18.1
19.4
1.0
2.5
29.9
6.2
29.7
8847.4
3.7
4.9
91.5
2.5
9.1
1426.2
1.9
10.9
12.9
1.6
15.6
1789.0
1.3
9.3
28.8
1.1
3.6
2497.8
4.7
44.0
220.0
7.1
52.4
75.0
2.0
5.5
102.7
1.4
8.1
1566.6
4.8
40.4
4431.9
1.3
6.6
243.6
1.6
8.4
35.0
2.6
8.4
326.9
5.1
28.6
136.0
4.6
41.1
8390.4
4.3
21.9
30.3
2.9
24.9
33.4
8.4
47.6
62.1
5.0
17.2
107.7
5.1
34.4
156.5
1.1
8.0
12.4
3.9
16.2
159.5
2.4
5.8
13.4
6.2
42.8
7776.0
1.8
16.8
2740.9
6.6
19.3
1345.5
2.9
13.5
975.4
1.5
4.4
9.4
5.6
9.8
420.7
1.4
11.8
3213.1
3.0
24.6
25.0
1.7
14.3
15.4
2.2
3.4
22.6
3.1
11.1
473.4
4.9
47.6
119.2
2.6
19.2
1321.3
1.5
5.3
67.0
1.3
2.8
54.7
3.8
22.8
3736.8
6.9
28.4
3000.3
5.2
31.3
181.4
1.7
12.9
99.4
2.1
5.1
3092.5
3.2
23.0
2963.4
2.9
6.1
47.9
1.7
17.1
372.5
8.3
79.4
100.5
6.1
13.1
1507.8
1.3
4.5
1185.8
3.1
6.0
1643.2
1.1
3.9
14.9
5.7
16.1
34.7
7.2
14.6
62.1
1.1
4.4
48.5
2.8
25.5
88.5
2.1
8.3
40.8
8.2
22.2
17680.1
1.0
2.6
607.1
6.1
23.6
6402.4
1.9
9.1
4316.9
1.8
11.2
822.7
7.9
77.1
73.7
5.8
51.8
162.8
7.3
52.0
2756.2
1.2
5.9
994.4
1.5
9.4
35.6
9.7
86.2
1613.0
2.0
4.8
24.7
6.9
13.6
7264.2
2.3
5.9
167.7
5.0
44.6
458.3
7.7
49.5
8075.4
1.6
9.8
179.1
3.2
11.1
2284.9
9.4
51.7
135.6
9.0
77.5
1234.0
2.7
10.6
514.0
3.6
25.9
7418.7
3.3
5.5
27.9
4.4
41.6
218.3
7.4
28.6
6275.4
1.9
15.9
3898.0
3.1
19.4
577.7
1.2
8.6
2508.9
4.1
20.0
332.1
1.7
11.7
30.3
1.7
17.0
124.9
2.8
8.0
184.3
3.4
26.1
667.2
1.8
12.3
56.7
6.4
21.8
66.1
1.1
10.5
165.5
1.6
5.4
1090.5
1.9
14.7
57.1
6.4
54.3
444.4
8.2
65.4
6765.9
3.6
25.6
4905.4
2.0
11.2
21.0
1.7
12.7
36.0
1.1
7.1
22.8
2.7
7.9
184.9
9.7
41.8
92.7
1.9
10.5
71.5
1.6
9.8
274.5
6.3
12.6
1149.4
1.2
9.0
67.0
1.7
11.8
577.2
1.2
11.9
3030.3
4.1
14.3
499.1
2.3
4.3
5464.2
1.0
6.5
15.0
1.6
5.7
329.7
7.2
68.4
253.7
9.4
52.9
1701.4
8.7
31.3
9072.6
3.2
4.5
96.4
5.0
49.7
260.9
6.3
49.4
56.0
8.2
62.4
65.1
2.2
21.6
145.7
1.5
7.7
13.9
6.9
49.9
152.9
1.6
13.4
100.8
1.2
12.5
735.4
5.2
20.8
1785.7
9.3
35.9
65.3
9.2
67.6
15680.7
4.5
38.5
110.8
8.3
63.4
7173.8
3.7
23.9
266.5
5.0
26.7
66.0
1.9
6.5
12.1
1.7
15.8
23.0
3.0
25.2
25.5
7.7
50.5
2077.2
5.9
51.6
514.3
3.1
30.0
175.6
5.1
32.6
4321.0
3.7
8.4
131.7
2.3
21.7
20.9
2.0
13.8
41.7
3.4
14.1
279.2
1.8
13.6
26.5
3.5
10.2
168.7
1.9
15.7
18.9
2.5
4.2
50.6
2.8
23.1
1316.2
1.9
5.7
19.0
7.0
10.2
92.2
1.4
10.7
464.1
3.8
9.0
215.6
1.6
15.1
3253.8
2.4
9.7
199.6
5.8
56.1
52.2
3.6
18.9
335.1
1.7
11.4
15.0
3.4
28.7
55.5
3.2
8.6
84.1
4.6
25.8
3416.6
4.9
37.8
10417.3
2.1
3.3
14.8
1.1
6.2
112.1
5.0
46.7
3327.8
1.4
4.1
617.6
4.8
34.2
6510.3
4.5
24.7
105.5
1.0
8.9
8.6
1.4
4.2
56.1
7.0
59.6
7698.9
6.1
36.3
7194.7
3.9
9.9
84.7
3.3
29.2
2593.0
6.1
14.8
9474.3
4.5
41.1
58.9
3.3
22.8
30.9
2.8
6.6
1409.5
1.9
6.9
2519.5
3.5
4.7
335.1
2.4
9.6
837.3
4.0
5.9
233.0
4.1
9.0
216.7
1.5
7.0
10.7
1.0
7.3
1534.3
1.7
3.4
41.0
2.3
9.6
249.7
3.3
7.1
48.2
5.3
20.6
9048.9
1.8
10.2
227.9
3.7
17.4
1275.5
2.1
17.5
343.0
1.8
11.8
281.4
6.6
45.6
6039.6
4.4
19.7
30.7
2.1
2.8
183.5
6.4
17.2
658.1
3.8
28.4
481.7
2.4
8.2
163.6
5.7
28.7
478.2
4.6
34.8
570.2
2.9
12.5
26.5
1.8
3.9
1831.2
1.9
9.4
22.2
1.6
11.0
72.7
1.2
8.1
640.1
1.4
3.2
2584.6
4.4
31.0
1414.6
6.7
39.9
421.1
7.2
41.0
175.5
6.5
63.3
168.9
1.5
11.2
1652.7
2.0
10.1
677.2
2.5
10.5
472.1
1.4
2.0
125.7
7.0
25.6
144.4
2.3
10.5
1078.2
2.5
6.8
118.7
3.2
15.0
4219.7
3.2
15.2
264.8
4.7
11.4
708.7
5.4
29.0
37.3
3.6
19.8
2510.1
1.6
2.7
310.7
1.9
16.0
42.9
6.5
24.6
277.9
6.6
12.4
1365.5
1.4
7.7
25.0
1.9
3.6
38.6
1.5
2.2
301.8
5.3
10.7
55.3
3.2
27.6
98.2
7.2
35.1
118.6
1.7
15.7
47.4
2.2
16.2
148.4
2.7
23.7
2626.2
6.4
10.4
373.5
3.2
29.0
34.0
6.2
45.2
8576.8
9.5
75.0
306.8
4.6
39.1
719.0
3.1
14.9
278.0
4.7
28.2
372.4
2.5
17.7
232.1
1.3
6.0
2296.5
6.2
60.3
3522.5
7.4
63.6
173.6
2.4
15.8
259.6
7.5
19.5
7914.9
1.1
9.2
39.1
3.7
15.0
70.0
8.9
44.7
17442.7
8.7
76.4
250.3
1.7
8.2
53.7
1.3
7.5
36.4
7.9
59.3
79.5
5.1
17.8
609.7
1.1
6.3
1163.9
1.3
8.9
169.1
4.1
38.0
193.0
6.0
50.4
51.7
2.4
9.3
19.3
1.1
3.3
33.9
1.0
5.3
17.0
2.2
19.9
133.4
8.8
80.7
926.6
6.9
14.1
37.1
1.9
5.4
99.9
6.3
54.3
8776.4
1.9
13.8
21.6
3.2
23.3
6009.4
1.5
13.4
122.4
7.2
52.1
15230.5
6.6
8.5
80.2
5.3
10.6
3214.6
2.5
4.1
85.5
4.2
8.8
212.1
1.7
8.8
630.0
9.0
86.5
155.7
7.2
60.3
1490.1
2.4
5.4
98.4
1.3
5.7
13.9
3.2
10.3
3363.8
3.2
23.4
82.1
2.1
4.5
48.9
2.1
17.2
1080.5
1.0
7.9
40.5
1.7
14.7
592.2
3.2
28.2
4030.7
3.6
24.1
8721.2
2.4
17.9
295.9
3.2
30.5
942.0
8.3
17.9
158.5
1.8
11.5
1296.0
3.2
11.9
1077.0
1.7
4.5
172.4
2.0
18.0
95.8
7.8
78.0
2079.3
3.2
9.0
128.4
5.2
38.6
69.3
3.7
34.0
1832.2
3.6
32.7
276.2
8.9
44.6
321.0
2.0
17.5
331.5
5.5
17.5
60.7
1.8
8.9
1881.5
6.2
26.8
1242.8
2.0
19.8
2588.5
5.8
38.9
10378.0
4.7
35.8
416.7
2.0
17.3
686.7
8.2
30.0
1077.1
5.9
29.5
148.7
9.1
36.8
446.7
3.2
31.0
7341.9
1.6
12.7
21.1
8.7
49.9
3967.9
6.2
41.1
194.2
1.4
8.1
15.0
1.3
8.6
391.4
9.9
84.5
2700.5
5.2
6.9
3954.5
7.2
11.8
5614.5
2.1
9.7
15.9
7.9
69.1
196.6
2.0
6.7
74.5
2.6
19.0
516.0
1.2
5.0
597.2
6.3
43.4
110.2
1.6
9.0
262.1
1.5
5.1
948.4
7.5
25.2
98.4
1.5
5.6
77.6
2.0
14.8
439.2
2.0
9.0
163.8
3.0
16.6
3786.6
1.9
5.4
1476.1
5.4
44.2
129.7
4.9
29.6
973.7
9.7
74.0
1428.2
5.1
41.2
180.2
1.9
6.8
141.2
2.5
22.0
991.6
5.2
24.5
298.9
1.8
8.4
30.0
4.3
24.6
5737.3
2.5
12.8
792.5
7.5
65.4
763.2
10.0
57.3
14265.1
5.6
29.3
149.4
5.2
25.8
85.5
9.2
86.3
7573.4
3.7
20.5
25.2
7.1
20.4
2714.7
8.0
36.0
3847.6
9.2
24.0
1495.6
5.6
9.3
1415.9
1.5
8.5
748.8
1.5
4.2
411.1
1.4
1.8
2251.2
1.9
10.5
20.8
5.8
16.4
49.6
1.6
6.0
9.9
1.3
12.7
463.6
1.6
7.5
1063.9
1.9
3.2
215.0
9.7
22.1
12781.2
4.3
6.4
1911.5
3.3
4.5
305.2
5.3
46.2
382.7
3.8
29.5
35.7
1.8
13.8
91.6
1.5
11.0
216.8
4.0
24.2
4557.7
2.5
13.6
144.1
2.5
9.8
952.2
8.0
29.3
172.1
8.3
53.2
528.4
1.8
6.2
24.7
2.0
9.7
61.3
3.9
37.4
221.0
5.1
26.0
244.8
4.3
41.5
7449.5
5.2
15.1
8672.4
5.4
32.0
2373.6
3.1
13.9
447.2
2.5
12.9
341.7
5.4
39.5
319.5
1.0
8.8
24.6
9.8
67.5
204.8
1.7
17.2
1985.1
7.8
77.7
270.0
2.1
3.4
12.6
1.8
13.6
82.2
8.5
12.1
14748.7
7.8
68.5
1010.8
2.5
5.0
38.2
3.9
5.6
900.3
4.7
22.9
50.3
5.2
16.6
639.7
4.3
18.4
385.6
2.0
5.1
96.2
4.3
10.5
88.0
2.8
24.6
365.5
2.1
10.4
36.6
2.0
13.4
43.8
1.3
2.3
14.2
1.3
10.6
166.9
2.6
15.6
414.1
9.4
52.8
2589.6
1.6
13.3
561.0
2.4
12.5
286.0
1.8
10.4
435.9
3.9
32.6
57.6
3.9
37.0
108.8
5.2
9.9
1041.3
9.4
27.4
3445.7
2.8
15.9
115.0
1.5
4.9
2952.2
2.4
10.8
35.3
3.5
5.5
7298.1
5.8
21.7
37.9
2.4
22.2
85.5
2.2
12.8
1718.5
1.8
18.1
287.7
4.7
16.4
3509.5
2.3
15.3
911.6
2.8
9.8
248.2
2.8
6.1
25.7
2.8
18.5
919.3
3.3
9.1
46.4
5.1
18.8
60.5
2.0
6.1
1521.7
3.6
8.9
30.8
3.4
18.3
1001.6
1.2
11.7
39.4
5.0
25.7
66.5
2.8
20.5
307.5
3.4
5.0
130.1
5.6
24.7
1052.8
1.3
8.1
15.1
5.1
42.7
2277.2
1.1
9.2
16.3
3.0
19.4
127.7
1.9
14.3
27.7
4.6
22.4
1043.9
6.5
57.0
3674.0
6.2
9.1
10310.9
5.7
32.1
3903.0
3.8
16.1
46.5
1.5
3.7
80.4
1.7
14.2
2918.8
6.3
41.8
1019.9
1.4
7.4
554.9
2.4
8.9
1237.6
3.6
30.3
253.4
1.9
6.8
1020.1
1.3
8.2
55.5
1.6
12.7
76.6
7.1
38.5
317.3
1.1
4.2
28.0
4.5
24.4
380.2
5.7
21.9
6886.7
9.5
86.4
560.2
1.0
7.7
28.2
7.4
36.7
1666.1
2.3
15.7
26.4
2.2
18.7
53.6
8.2
63.1
217.3
3.5
25.0
6778.6
1.9
14.8
69.6
8.0
56.8
4208.6
7.8
12.2
66.3
2.9
6.1
583.8
1.4
7.4
708.4
6.0
9.0
54.2
4.3
39.7
56.8
8.2
27.9
186.3
1.8
13.1
266.2
1.5
5.3
48.8
9.8
13.2
4539.7
3.2
27.1
59.0
4.9
36.0
1742.3
1.8
13.5
191.5
2.3
16.1
2464.1
1.2
11.9
87.3
2.8
22.7
110.3
5.1
35.9
1178.0
2.2
20.5
70.4
4.0
34.6
164.0
3.5
31.7
1082.0
1.1
2.7
1307.7
4.5
32.1
147.1
5.5
12.1
1115.7
3.9
12.3
2529.5
1.1
3.2
8.1
3.1
14.1
1832.4
5.2
51.3
1808.9
5.7
31.9
162.2
2.9
23.2
2052.8
3.2
21.5
5004.9
7.6
53.3
71.8
6.5
36.5
2885.9
5.6
40.5
2618.8
4.3
38.7
4108.1
1.8
9.6
14.9
4.5
16.0
800.9
1.2
3.1
196.6
2.2
4.8
3955.7
3.0
12.5
2713.6
6.7
42.6
484.9
2.9
17.2
25.4
8.6
16.5
638.4
2.1
11.7
1052.6
7.4
50.0
995.2
2.0
8.7
312.2
7.2
34.5
1220.3
3.1
23.7
329.0
1.7
13.1
95.6
2.6
12.7
558.8
3.6
5.6
281.3
2.3
8.8
434.9
9.4
33.9
1138.5
7.0
26.2
51.0
3.4
15.8
46.8
3.5
33.0
60.8
5.2
33.9
40.8
4.2
8.4
613.2
6.2
10.2
129.9
6.4
52.8
911.9
3.6
8.2
47.5
3.9
29.1
1170.0
1.7
8.7
2134.0
4.0
35.2
8220.6
2.6
5.9
471.6
5.1
32.0
8320.6
8.8
45.2
357.5
1.9
4.3
15.9
9.4
58.8
4952.1
4.0
25.5
190.1
5.7
22.6
514.5
1.7
9.3
3403.4
4.2
12.5
50.7
4.3
24.4
1765.1
2.3
20.5
20.2
1.4
1.9
1101.2
4.5
10.8
149.8
1.1
3.9
9.6
5.7
13.3
648.6
1.7
3.3
9.4
1.8
2.5
205.1
3.2
23.8
6158.4
1.0
10.1
33.3
1.7
15.2
48.0
2.2
20.6
855.3
5.5
8.7
988.9
6.8
37.9
110.8
4.9
28.3
7176.3
4.1
35.3
532.4
3.3
16.4
131.8
2.2
16.7
20.1
1.8
16.6
2479.2
2.0
4.9
224.5
2.1
17.0
17.1
8.3
75.9
364.5
9.9
84.3
128.0
2.3
9.5
213.7
6.8
32.1
225.1
1.5
12.9
2885.4
1.6
6.9
24.9
2.4
12.7
35.7
1.3
11.9
11.9
7.4
32.1
77.8
1.3
7.7
1160.4
2.9
9.8
591.2
4.4
13.1
658.1
7.3
57.6
621.4
5.6
9.8
326.8
2.1
5.9
166.1
7.9
51.3
1649.1
4.3
6.7
89.7
5.0
49.2
108.0
8.8
57.4
217.6
1.1
4.6
21.9
5.2
43.1
633.1
8.5
29.4
944.0
1.9
18.6
27.9
8.3
43.6
578.0
2.4
17.6
99.3
7.8
13.2
132.0
1.2
4.0
1364.9
4.4
42.3
102.4
1.1
1.4
159.3
1.3
3.3
23.0
2.6
12.1
828.5
1.3
2.0
2454.3
1.6
7.0
11.2
5.4
24.8
371.0
3.5
28.3
403.0
7.1
21.8
1107.2
5.2
29.9
3437.1
3.2
30.4
231.9
2.4
8.3
4855.7
8.9
26.3
218.5
2.5
23.8
727.6
10.0
21.5
486.5
4.2
13.4
239.5
5.9
58.7
64.1
2.3
7.8
735.7
8.0
35.5
196.5
1.4
11.0
30.8
9.4
20.7
7430.7
4.3
37.7
806.0
2.8
16.4
32.0
1.6
11.2
1430.7
4.0
28.7
525.1
7.3
28.1
3879.3
2.8
21.9
26.3
1.8
16.7
111.3
1.1
3.5
216.6
6.7
40.2
9423.3
2.0
16.8
293.1
3.1
14.9
23.4
1.1
2.5
30.7
2.6
24.0
54.9
2.5
23.5
6224.0
2.0
11.0
61.7
1.7
12.4
3275.5
3.7
11.2
80.3
2.5
3.3
36.7
1.2
3.7
10.6
1.4
3.4
1014.4
6.8
44.5
3076.4
1.6
6.4
487.6
7.1
9.6
7376.1
7.0
62.2
178.6
1.8
8.9
28.4
1.4
5.5
574.3
1.4
13.4
638.8
9.8
74.0
3715.6
1.1
6.7
1372.3
5.0
15.9
145.5
2.0
19.1
988.5
2.7
6.7
205.8
1.6
13.0
13.0
2.2
12.3
1630.6
2.8
5.8
883.4
8.5
37.3
1839.1
3.4
9.9
22.9
1.1
3.6
10.2
5.2
16.2
11109.4
8.3
15.5
2059.7
3.3
5.8
692.9
2.6
22.1
1445.7
1.9
9.3
180.5
1.2
9.7
389.6
1.8
12.5
32.3
8.8
64.9
1321.3
1.9
5.8
13.8
7.2
10.7
66.4
1.3
2.5
1028.1
3.9
37.7
7606.2
2.0
12.2
194.3
3.2
6.7
2030.9
4.2
33.1
548.1
7.4
32.7
285.9
1.2
2.9
324.8
1.5
6.0
189.7
1.6
5.5
1295.8
4.5
36.4
2408.5
3.5
6.1
58.8
2.4
6.5
724.1
3.7
33.4
89.3
2.4
7.7
283.7
1.4
10.6
152.9
4.2
41.4
1045.6
1.3
4.0
136.6
5.7
49.8
3975.5
4.2
25.9
37.4
3.0
19.1
2970.5
3.0
22.0
45.0
6.6
63.1
6080.7
1.2
5.2
10.9
8.1
61.5
8767.3
4.3
28.0
432.5
1.1
7.5
28.9
8.5
40.9
127.0
1.5
7.6
77.5
4.9
44.6
124.2
1.3
12.1
105.9
8.1
71.4
1990.8
5.6
7.6
99.8
1.3
5.6
28.9
1.0
8.1
428.7
2.1
8.1
2898.5
3.6
34.6
2021.0
1.1
9.6
1764.6
6.4
31.5
211.8
2.5
14.7
444.4
9.9
82.0
92.2
1.9
14.4
744.6
8.4
19.0
251.7
1.4
11.4
562.9
1.8
12.4
43.1
3.9
11.5
63.0
3.9
34.6
335.1
1.2
5.3
210.0
4.6
43.9
291.7
4.8
10.5
3425.0
8.8
76.2
18370.2
1.9
5.3
35.3
2.4
19.4
377.0
3.0
20.1
67.1
3.3
19.6
625.0
7.7
42.4
163.8
2.5
24.5
5308.4
2.9
19.7
21.6
1.4
12.2
345.8
2.2
5.0
19.6
7.7
26.5
199.5
1.2
4.4
46.8
1.5
6.5
391.6
9.4
25.0
9709.4
1.1
2.4
271.5
3.0
15.6
322.7
1.2
2.6
290.6
1.7
16.5
20.6
3.5
17.6
358.8
8.6
21.1
51.7
9.6
34.3
3643.4
2.2
13.3
3730.1
4.4
20.7
70.3
5.2
32.0
174.3
8.7
44.7
750.4
2.4
4.5
585.9
2.0
16.7
146.3
1.1
3.1
2554.1
2.4
22.9
1362.4
4.0
23.9
8210.0
4.4
11.1
9772.3
4.5
6.6
44.2
4.8
30.3
407.6
1.5
9.3
19.6
5.2
17.2
312.8
6.9
64.4
15605.2
1.6
12.9
2964.1
1.0
7.7
34.8
2.7
14.2
106.5
7.2
67.5
4450.4
3.3
8.6
5343.1
2.1
14.7
326.1
2.1
5.8
1057.0
3.7
5.1
3038.7
2.2
7.7
2121.4
8.7
35.5
82.7
9.1
87.9
11279.9
1.5
8.5
14.9
2.3
16.4
1145.9
1.6
7.7
100.2
7.4
31.0
3483.5
6.8
53.4
2683.2
7.2
31.1
46.8
5.2
14.1
6630.4
1.3
4.3
1122.8
3.3
19.9
1890.0
1.9
6.2
216.8
9.5
68.0
145.7
3.0
5.2
2762.6
1.4
3.7
1242.3
6.0
42.7
3326.9
4.1
19.3
52.5
1.4
8.6
1841.5
7.9
51.8
177.8
3.7
13.0
91.5
2.5
8.7
33.7
2.5
11.7
107.9
4.0
25.8
66.2
7.6
56.9
17605.4
6.6
65.7
968.8
3.3
5.2
29.2
3.5
9.0
4864.6
8.5
13.8
885.2
3.4
4.9
974.8
3.8
28.7
4071.7
6.6
29.7
472.3
1.2
8.8
319.0
8.9
28.8
132.8
2.3
11.1
51.9
2.3
18.3
365.7
3.2
11.7
462.9
2.4
15.7
198.9
6.3
51.9
1916.4
9.8
44.7
923.2
1.2
9.6
1641.4
4.3
19.3
45.5
1.5
7.4
3566.1
7.3
16.8
10837.6
7.9
25.9
11623.9
2.3
20.5
1258.2
2.1
11.4
3346.6
9.4
52.5
66.3
1.1
9.4
24.5
4.2
7.8
50.1
1.3
10.4
66.8
9.6
44.2
79.7
1.0
7.8
16.7
1.6
13.0
394.0
6.1
26.2
7525.2
3.6
17.4
61.1
4.6
18.5
1697.5
2.5
5.5
2942.6
1.3
8.3
45.3
1.0
10.0
19.8
6.9
18.8
1486.9
1.5
4.8
23.6
8.3
17.7
1129.2
1.0
9.2
217.9
1.6
11.6
86.0
3.3
29.4
2261.5
6.6
13.3
355.0
3.2
25.0
792.0
8.7
40.9
124.4
1.2
4.3
1807.9
3.6
33.5
154.0
6.3
60.3
4701.4
1.2
2.6
17.9
5.0
18.5
9898.9
6.3
12.1
164.3
7.2
13.7
1250.2
1.8
9.9
187.6
1.2
9.2
833.0
9.1
48.1
4776.4
3.3
14.7
7861.4
4.9
35.1
62.4
9.5
77.3
1058.5
3.1
25.8
213.3
1.1
3.5
113.5
7.0
44.1
6760.8
1.2
4.6
605.3
7.5
71.6
339.8
5.2
13.6
32.3
2.1
18.1
3551.4
3.1
18.4
30.5
1.3
7.7
9.7
3.1
14.7
1559.2
1.1
6.3
2617.0
9.4
48.5
2312.7
2.7
3.6
49.3
3.1
12.4
1435.8
4.4
6.9
819.0
5.4
32.9
58.5
6.5
24.0
121.7
4.4
32.7
401.7
3.3
17.4
187.6
4.1
5.3
31.8
5.7
11.4
3885.6
1.7
13.3
257.5
5.5
11.1
171.2
3.5
27.0
2623.4
2.5
4.3
23.7
6.2
40.8
6393.7
3.2
8.6
5693.7
7.8
70.8
3566.4
8.5
33.5
147.5
3.9
26.5
29.7
5.2
42.3
61.6
6.5
20.8
1412.6
7.2
24.8
371.5
2.9
17.9
521.0
2.7
14.8
54.0
6.6
27.1
14944.1
5.5
11.8
5688.5
2.4
19.2
205.9
8.9
51.8
433.1
1.6
6.5
19.4
5.8
22.4
9738.7
1.5
5.3
2101.4
1.8
10.8
1742.1
2.7
9.7
76.9
5.5
45.4
190.0
5.5
12.6
3307.1
1.2
4.4
305.4
7.1
32.1
10430.2
4.3
32.2
52.8
3.9
6.0
2780.5
2.9
14.0
2896.3
3.4
32.4
1694.6
3.4
9.0
22.9
7.1
13.5
116.9
8.4
39.9
337.8
9.8
58.1
13397.0
4.3
6.0
167.4
5.5
36.4
3338.8
5.7
17.9
1096.5
6.2
61.1
213.0
4.0
10.7
21.3
1.6
13.3
27.4
1.3
9.4
107.7
2.9
13.0
1601.1
3.6
9.3
507.2
1.1
7.6
1219.4
1.0
5.0
8.4
5.7
42.7
131.1
1.2
2.8
80.6
6.1
25.6
174.7
2.4
11.7
3190.4
3.2
28.1
205.6
7.7
61.8
65.4
8.8
42.7
2584.7
1.2
5.0
2121.3
7.2
27.6
813.1
1.7
10.5
2379.5
9.9
12.4
10906.0
8.7
41.2
70.1
2.5
8.2
6097.9
3.5
5.2
258.2
1.0
10.1
1622.8
1.1
4.0
1550.5
8.6
81.7
5001.2
1.1
3.3
219.3
6.4
12.9
1074.4
3.6
12.3
308.6
2.8
23.8
50.8
6.7
32.3
483.4
1.0
9.2
107.0
6.5
11.5
889.4
1.2
6.4
31.3
4.5
20.4
3587.9
1.7
4.6
404.7
8.6
16.4
203.8
1.4
12.4
58.4
1.9
9.9
23.6
4.6
26.0
1370.4
1.6
4.5
233.4
9.0
57.3
72.6
2.3
10.6
4098.7
2.4
10.2
17.0
3.4
30.8
33.4
1.1
2.5
2184.1
1.9
4.7
308.1
1.4
6.1
1217.2
2.0
15.3
438.1
2.6
10.0
1793.8
4.8
28.6
359.8
1.1
7.1
251.8
2.9
8.8
628.5
3.1
6.1
1001.0
7.6
18.7
111.8
